350.0	6.06E-10
350.2	6.50E-10
350.4	6.83E-10
350.6	7.03E-10
350.8	7.11E-10
351.0	7.10E-10
351.2	7.08E-10
351.4	7.15E-10
351.6	7.40E-10
351.8	7.92E-10
352.0	8.79E-10
352.2	1.00E-09
352.4	1.17E-09
352.6	1.35E-09
352.8	1.54E-09
353.0	1.72E-09
353.2	1.92E-09
353.4	2.19E-09
353.6	2.63E-09
353.8	3.35E-09
354.0	4.60E-09
354.2	6.67E-09
354.4	9.80E-09
354.6	1.34E-08
354.8	1.60E-08
355.0	1.68E-08
355.2	1.61E-08
355.4	1.63E-08
355.6	1.79E-08
355.8	2.04E-08
356.0	2.13E-08
356.2	1.86E-08
356.4	1.44E-08
356.6	1.11E-08
356.8	9.19E-09
357.0	8.37E-09
357.2	8.43E-09
357.4	9.37E-09
357.6	1.13E-08
357.8	1.39E-08
358.0	1.46E-08
358.2	1.15E-08
358.4	7.54E-09
358.6	5.05E-09
358.8	3.79E-09
359.0	3.28E-09
359.2	3.31E-09
359.4	3.90E-09
359.6	5.33E-09
359.8	7.58E-09
360.0	8.05E-09
360.2	5.30E-09
360.4	3.14E-09
360.6	2.05E-09
360.8	1.52E-09
361.0	1.27E-09
361.2	1.17E-09
361.4	1.19E-09
361.6	1.33E-09
361.8	1.65E-09
362.0	2.29E-09
362.2	3.65E-09
362.4	6.91E-09
362.6	1.59E-08
362.8	3.79E-08
363.0	4.73E-08
363.2	3.37E-08
363.4	2.65E-08
363.6	2.61E-08
363.8	3.17E-08
364.0	4.75E-08
364.2	8.89E-08
364.4	2.16E-07
364.6	6.88E-07
364.8	1.44E-06
365.0	9.96E-07
365.2	7.05E-07
365.4	6.27E-07
365.6	6.74E-07
365.8	8.50E-07
366.0	1.25E-06
366.2	2.16E-06
366.4	4.53E-06
366.6	1.22E-05
366.8	4.57E-05
367.0	2.22E-04
367.2	5.78E-04
367.4	6.41E-04
367.6	2.44E-04
367.8	7.67E-05
368.0	3.52E-05
368.2	2.22E-05
368.4	1.78E-05
368.6	1.75E-05
368.8	2.07E-05
369.0	2.96E-05
369.2	5.20E-05
369.4	1.18E-04
369.6	3.35E-04
369.8	6.79E-04
370.0	6.30E-04
370.2	6.75E-04
370.4	1.03E-03
370.6	5.52E-04
370.8	1.63E-04
371.0	6.99E-05
371.2	4.20E-05
371.4	3.30E-05
371.6	3.31E-05
371.8	4.30E-05
372.0	7.78E-05
372.2	2.28E-04
372.4	5.41E-04
372.6	1.77E-04
372.8	7.88E-05
373.0	5.47E-05
373.2	5.21E-05
373.4	6.50E-05
373.6	1.04E-04
373.8	1.74E-04
374.0	1.69E-04
374.2	1.03E-04
374.4	6.92E-05
374.6	6.06E-05
374.8	7.14E-05
375.0	1.24E-04
375.2	3.75E-04
375.4	5.87E-04
375.6	1.27E-04
375.8	4.76E-05
376.0	2.65E-05
376.2	1.90E-05
376.4	1.64E-05
376.6	1.66E-05
376.8	1.97E-05
377.0	2.77E-05
377.2	4.79E-05
377.4	1.10E-04
377.6	3.73E-04
377.8	7.10E-04
378.0	3.09E-04
378.2	1.80E-04
378.4	1.55E-04
378.6	1.78E-04
378.8	2.27E-04
379.0	1.99E-04
379.2	1.08E-04
379.4	5.82E-05
379.6	3.73E-05
379.8	2.89E-05
380.0	2.69E-05
380.2	3.01E-05
380.4	4.14E-05
380.6	7.65E-05
380.8	2.38E-04
381.0	7.29E-04
381.2	1.54E-04
381.4	5.30E-05
381.6	2.82E-05
381.8	1.93E-05
382.0	1.57E-05
382.2	1.48E-05
382.4	1.60E-05
382.6	1.97E-05
382.8	2.85E-05
383.0	4.98E-05
383.2	1.08E-04
383.4	2.31E-04
383.6	2.19E-04
383.8	1.32E-04
384.0	9.73E-05
384.2	9.34E-05
384.4	1.13E-04
384.6	1.48E-04
384.8	1.37E-04
385.0	7.96E-05
385.2	4.36E-05
385.4	2.78E-05
385.6	2.09E-05
385.8	1.84E-05
386.0	1.88E-05
386.2	2.23E-05
386.4	3.16E-05
386.6	5.72E-05
386.8	1.56E-04
387.0	5.57E-04
387.2	1.88E-04
387.4	5.93E-05
387.6	2.92E-05
387.8	1.87E-05
388.0	1.43E-05
388.2	1.28E-05
388.4	1.31E-05
388.6	1.56E-05
388.8	2.20E-05
389.0	3.76E-05
389.2	7.52E-05
389.4	1.09E-04
389.6	7.19E-05
389.8	4.25E-05
390.0	3.07E-05
390.2	2.73E-05
390.4	2.84E-05
390.6	3.33E-05
390.8	3.91E-05
391.0	3.79E-05
391.2	2.82E-05
391.4	1.89E-05
391.6	1.32E-05
391.8	1.02E-05
392.0	8.72E-06
392.2	8.32E-06
392.4	8.88E-06
392.6	1.08E-05
392.8	1.53E-05
393.0	2.71E-05
393.2	6.93E-05
393.4	2.42E-04
393.6	1.12E-04
393.8	3.61E-05
394.0	1.81E-05
394.2	1.20E-05
394.4	9.61E-06
394.6	9.02E-06
394.8	9.77E-06
395.0	1.22E-05
395.2	1.79E-05
395.4	3.03E-05
395.6	5.08E-05
395.8	5.52E-05
396.0	3.86E-05
396.2	2.66E-05
396.4	2.12E-05
396.6	1.98E-05
396.8	2.13E-05
397.0	2.60E-05
397.2	3.48E-05
397.4	4.79E-05
397.6	5.88E-05
397.8	5.78E-05
398.0	4.79E-05
398.2	3.80E-05
398.4	3.11E-05
398.6	2.73E-05
398.8	2.61E-05
399.0	2.79E-05
399.2	3.41E-05
399.4	4.64E-05
399.6	5.47E-05
399.8	3.64E-05
400.0	1.78E-05
400.2	9.49E-06
400.4	5.88E-06
400.6	4.22E-06
400.8	3.49E-06
401.0	3.32E-06
401.2	3.72E-06
401.4	5.10E-06
401.6	9.11E-06
401.8	1.72E-05
402.0	9.29E-06
402.2	3.01E-06
402.4	1.24E-06
402.6	6.34E-07
402.8	3.73E-07
403.0	2.43E-07
403.2	1.72E-07
403.4	1.30E-07
403.6	1.03E-07
403.8	8.55E-08
404.0	7.37E-08
404.2	6.54E-08
404.4	5.92E-08
404.6	5.40E-08
404.8	4.91E-08
405.0	4.40E-08
405.2	3.88E-08
405.4	3.35E-08
405.6	2.87E-08
405.8	2.45E-08
406.0	2.12E-08
406.2	1.87E-08
406.4	1.68E-08
406.6	1.57E-08
406.8	1.51E-08
407.0	1.50E-08
407.2	1.55E-08
407.4	1.67E-08
407.6	1.86E-08
407.8	2.16E-08
408.0	2.62E-08
408.2	3.31E-08
408.4	4.38E-08
408.6	6.08E-08
408.8	8.88E-08
409.0	1.37E-07
409.2	2.26E-07
409.4	3.99E-07
409.6	7.68E-07
409.8	1.65E-06
410.0	4.08E-06
410.2	1.22E-05
410.4	5.36E-05
410.6	3.64E-04
410.8	2.09E-04
411.0	9.14E-05
411.2	6.25E-05
411.4	5.28E-05
411.6	4.97E-05
411.8	4.93E-05
412.0	5.04E-05
412.2	5.24E-05
412.4	5.59E-05
412.6	6.17E-05
412.8	7.17E-05
413.0	8.97E-05
413.2	1.23E-04
413.4	1.82E-04
413.6	2.39E-04
413.8	1.84E-04
414.0	9.45E-05
414.2	4.80E-05
414.4	2.71E-05
414.6	1.71E-05
414.8	1.18E-05
415.0	8.92E-06
415.2	7.28E-06
415.4	6.40E-06
415.6	6.07E-06
415.8	6.21E-06
416.0	6.93E-06
416.2	8.50E-06
416.4	1.16E-05
416.6	1.77E-05
416.8	2.83E-05
417.0	3.55E-05
417.2	2.65E-05
417.4	1.57E-05
417.6	9.80E-06
417.8	6.81E-06
418.0	5.24E-06
418.2	4.39E-06
418.4	3.95E-06
418.6	3.78E-06
418.8	3.82E-06
419.0	4.04E-06
419.2	4.43E-06
419.4	5.02E-06
419.6	5.82E-06
419.8	6.85E-06
420.0	8.15E-06
420.2	9.64E-06
420.4	1.13E-05
420.6	1.30E-05
420.8	1.42E-05
421.0	1.48E-05
421.2	1.44E-05
421.4	1.33E-05
421.6	1.19E-05
421.8	1.06E-05
422.0	9.52E-06
422.2	8.76E-06
422.4	8.32E-06
422.6	8.20E-06
422.8	8.41E-06
423.0	9.00E-06
423.2	1.01E-05
423.4	1.18E-05
423.6	1.45E-05
423.8	1.90E-05
424.0	2.63E-05
424.2	3.94E-05
424.4	6.40E-05
424.6	1.13E-04
424.8	2.08E-04
425.0	3.35E-04
425.2	3.66E-04
425.4	3.01E-04
425.6	2.40E-04
425.8	2.06E-04
426.0	1.92E-04
426.2	1.89E-04
426.4	1.89E-04
426.6	1.82E-04
426.8	1.64E-04
427.0	1.38E-04
427.2	1.11E-04
427.4	8.84E-05
427.6	7.25E-05
427.8	6.20E-05
428.0	5.60E-05
428.2	5.33E-05
428.4	5.37E-05
428.6	5.70E-05
428.8	6.30E-05
429.0	7.07E-05
429.2	7.63E-05
429.4	7.36E-05
429.6	6.10E-05
429.8	4.50E-05
430.0	3.19E-05
430.2	2.28E-05
430.4	1.69E-05
430.6	1.30E-05
430.8	1.05E-05
431.0	8.85E-06
431.2	7.76E-06
431.4	7.07E-06
431.6	6.69E-06
431.8	6.55E-06
432.0	6.64E-06
432.2	6.97E-06
432.4	7.56E-06
432.6	8.48E-06
432.8	9.81E-06
433.0	1.17E-05
433.2	1.43E-05
433.4	1.77E-05
433.6	2.20E-05
433.8	2.66E-05
434.0	3.03E-05
434.2	3.19E-05
434.4	3.10E-05
434.6	2.85E-05
434.8	2.56E-05
435.0	2.31E-05
435.2	2.13E-05
435.4	2.02E-05
435.6	1.99E-05
435.8	2.04E-05
436.0	2.18E-05
436.2	2.44E-05
436.4	2.87E-05
436.6	3.57E-05
436.8	4.74E-05
437.0	6.78E-05
437.2	1.06E-04
437.4	1.85E-04
437.6	3.71E-04
437.8	8.72E-04
438.0	2.25E-03
438.2	4.19E-03
438.4	4.94E-03
438.6	3.00E-03
438.8	1.14E-03
439.0	4.40E-04
439.2	1.93E-04
439.4	9.69E-05
439.6	5.42E-05
439.8	3.32E-05
440.0	2.20E-05
440.2	1.55E-05
440.4	1.15E-05
440.6	8.97E-06
440.8	7.23E-06
441.0	6.02E-06
441.2	5.16E-06
441.4	4.53E-06
441.6	4.08E-06
441.8	3.74E-06
442.0	3.51E-06
442.2	3.36E-06
442.4	3.28E-06
442.6	3.27E-06
442.8	3.33E-06
443.0	3.46E-06
443.2	3.66E-06
443.4	3.92E-06
443.6	4.20E-06
443.8	4.41E-06
444.0	4.44E-06
444.2	4.17E-06
444.4	3.64E-06
444.6	2.99E-06
444.8	2.37E-06
445.0	1.86E-06
445.2	1.47E-06
445.4	1.18E-06
445.6	9.77E-07
445.8	8.29E-07
446.0	7.23E-07
446.2	6.50E-07
446.4	6.01E-07
446.6	5.71E-07
446.8	5.56E-07
447.0	5.54E-07
447.2	5.62E-07
447.4	5.76E-07
447.6	5.91E-07
447.8	6.00E-07
448.0	5.97E-07
448.2	5.76E-07
448.4	5.40E-07
448.6	4.95E-07
448.8	4.49E-07
449.0	4.06E-07
449.2	3.70E-07
449.4	3.44E-07
449.6	3.25E-07
449.8	3.14E-07
450.0	3.11E-07
450.2	3.13E-07
450.4	3.19E-07
450.6	3.28E-07
450.8	3.36E-07
451.0	3.41E-07
451.2	3.40E-07
451.4	3.32E-07
451.6	3.19E-07
451.8	3.02E-07
452.0	2.85E-07
452.2	2.71E-07
452.4	2.61E-07
452.6	2.55E-07
452.8	2.56E-07
453.0	2.63E-07
453.2	2.77E-07
453.4	2.99E-07
453.6	3.29E-07
453.8	3.69E-07
454.0	4.18E-07
454.2	4.73E-07
454.4	5.28E-07
454.6	5.73E-07
454.8	6.00E-07
455.0	6.04E-07
455.2	5.88E-07
455.4	5.60E-07
455.6	5.29E-07
455.8	5.00E-07
456.0	4.76E-07
456.2	4.58E-07
456.4	4.45E-07
456.6	4.35E-07
456.8	4.25E-07
457.0	4.10E-07
457.2	3.87E-07
457.4	3.53E-07
457.6	3.10E-07
457.8	2.63E-07
458.0	2.18E-07
458.2	1.79E-07
458.4	1.47E-07
458.6	1.22E-07
458.8	1.03E-07
459.0	8.87E-08
459.2	7.84E-08
459.4	7.13E-08
459.6	6.65E-08
459.8	6.39E-08
460.0	6.33E-08
460.2	6.43E-08
460.4	6.73E-08
460.6	7.26E-08
460.8	8.07E-08
461.0	9.25E-08
461.2	1.09E-07
461.4	1.33E-07
461.6	1.65E-07
461.8	2.07E-07
462.0	2.59E-07
462.2	3.12E-07
462.4	3.53E-07
462.6	3.67E-07
462.8	3.56E-07
463.0	3.31E-07
463.2	3.03E-07
463.4	2.78E-07
463.6	2.60E-07
463.8	2.48E-07
464.0	2.42E-07
464.2	2.40E-07
464.4	2.41E-07
464.6	2.45E-07
464.8	2.50E-07
465.0	2.57E-07
465.2	2.64E-07
465.4	2.71E-07
465.6	2.80E-07
465.8	2.90E-07
466.0	3.04E-07
466.2	3.22E-07
466.4	3.47E-07
466.6	3.82E-07
466.8	4.29E-07
467.0	4.96E-07
467.2	5.88E-07
467.4	7.21E-07
467.6	9.13E-07
467.8	1.20E-06
468.0	1.64E-06
468.2	2.34E-06
468.4	3.48E-06
468.6	5.34E-06
468.8	8.06E-06
469.0	1.09E-05
469.2	1.19E-05
469.4	1.04E-05
469.6	8.19E-06
469.8	6.41E-06
470.0	5.18E-06
470.2	4.38E-06
470.4	3.89E-06
470.6	3.62E-06
470.8	3.54E-06
471.0	3.63E-06
471.2	3.90E-06
471.4	4.39E-06
471.6	5.18E-06
471.8	6.31E-06
472.0	7.70E-06
472.2	8.86E-06
472.4	8.97E-06
472.6	7.78E-06
472.8	6.10E-06
473.0	4.64E-06
473.2	3.58E-06
473.4	2.87E-06
473.6	2.39E-06
473.8	2.08E-06
474.0	1.88E-06
474.2	1.77E-06
474.4	1.72E-06
474.6	1.72E-06
474.8	1.78E-06
475.0	1.89E-06
475.2	2.06E-06
475.4	2.30E-06
475.6	2.62E-06
475.8	3.07E-06
476.0	3.70E-06
476.2	4.59E-06
476.4	5.93E-06
476.6	8.06E-06
476.8	1.18E-05
477.0	1.93E-05
477.2	3.86E-05
477.4	1.19E-04
477.6	1.01E-03
477.8	3.53E-04
478.0	5.55E-04
478.2	8.62E-05
478.4	3.66E-05
478.6	2.20E-05
478.8	1.59E-05
479.0	1.28E-05
479.2	1.14E-05
479.4	1.08E-05
479.6	1.10E-05
479.8	1.20E-05
480.0	1.41E-05
480.2	1.76E-05
480.4	2.39E-05
480.6	3.62E-05
480.8	6.33E-05
481.0	1.39E-04
481.2	4.44E-04
481.4	1.08E-03
481.6	4.36E-04
481.8	1.66E-04
482.0	8.95E-05
482.2	5.95E-05
482.4	4.49E-05
482.6	3.70E-05
482.8	3.25E-05
483.0	2.99E-05
483.2	2.85E-05
483.4	2.79E-05
483.6	2.79E-05
483.8	2.84E-05
484.0	2.95E-05
484.2	3.10E-05
484.4	3.32E-05
484.6	3.61E-05
484.8	3.97E-05
485.0	4.41E-05
485.2	4.90E-05
485.4	5.40E-05
485.6	5.82E-05
485.8	6.06E-05
486.0	6.02E-05
486.2	5.68E-05
486.4	5.08E-05
486.6	4.32E-05
486.8	3.51E-05
487.0	2.75E-05
487.2	2.11E-05
487.4	1.59E-05
487.6	1.21E-05
487.8	9.25E-06
488.0	7.22E-06
488.2	5.76E-06
488.4	4.72E-06
488.6	3.98E-06
488.8	3.45E-06
489.0	3.09E-06
489.2	2.85E-06
489.4	2.72E-06
489.6	2.69E-06
489.8	2.74E-06
490.0	2.91E-06
490.2	3.20E-06
490.4	3.68E-06
490.6	4.44E-06
490.8	5.65E-06
491.0	7.66E-06
491.2	1.12E-05
491.4	1.82E-05
491.6	3.33E-05
491.8	6.98E-05
492.0	1.38E-04
492.2	1.58E-04
492.4	1.18E-04
492.6	7.72E-05
492.8	5.51E-05
493.0	4.40E-05
493.2	3.80E-05
493.4	3.39E-05
493.6	2.97E-05
493.8	2.46E-05
494.0	1.91E-05
494.2	1.42E-05
494.4	1.05E-05
494.6	7.80E-06
494.8	5.99E-06
495.0	4.76E-06
495.2	3.93E-06
495.4	3.36E-06
495.6	2.99E-06
495.8	2.75E-06
496.0	2.62E-06
496.2	2.58E-06
496.4	2.61E-06
496.6	2.73E-06
496.8	2.93E-06
497.0	3.23E-06
497.2	3.65E-06
497.4	4.22E-06
497.6	4.96E-06
497.8	5.92E-06
498.0	7.11E-06
498.2	8.54E-06
498.4	1.02E-05
498.6	1.20E-05
498.8	1.38E-05
499.0	1.57E-05
499.2	1.75E-05
499.4	1.93E-05
499.6	2.12E-05
499.8	2.34E-05
500.0	2.62E-05
500.2	3.03E-05
500.4	3.69E-05
500.6	4.82E-05
500.8	6.88E-05
501.0	1.01E-04
501.2	1.09E-04
501.4	6.36E-05
501.6	2.95E-05
501.8	1.45E-05
502.0	7.89E-06
502.2	4.70E-06
502.4	3.02E-06
502.6	2.06E-06
502.8	1.47E-06
503.0	1.10E-06
503.2	8.61E-07
503.4	6.95E-07
503.6	5.79E-07
503.8	4.98E-07
504.0	4.40E-07
504.2	4.00E-07
504.4	3.73E-07
504.6	3.57E-07
504.8	3.50E-07
505.0	3.52E-07
505.2	3.62E-07
505.4	3.82E-07
505.6	4.12E-07
505.8	4.55E-07
506.0	5.13E-07
506.2	5.89E-07
506.4	6.87E-07
506.6	8.10E-07
506.8	9.58E-07
507.0	1.13E-06
507.2	1.31E-06
507.4	1.48E-06
507.6	1.63E-06
507.8	1.76E-06
508.0	1.87E-06
508.2	1.97E-06
508.4	2.10E-06
508.6	2.28E-06
508.8	2.54E-06
509.0	2.93E-06
509.2	3.52E-06
509.4	4.42E-06
509.6	5.85E-06
509.8	8.13E-06
510.0	1.18E-05
510.2	1.71E-05
510.4	2.29E-05
510.6	2.54E-05
510.8	2.32E-05
511.0	1.91E-05
511.2	1.57E-05
511.4	1.35E-05
511.6	1.23E-05
511.8	1.19E-05
512.0	1.23E-05
512.2	1.36E-05
512.4	1.61E-05
512.6	2.04E-05
512.8	2.81E-05
513.0	4.28E-05
513.2	7.33E-05
513.4	1.44E-04
513.6	3.06E-04
513.8	4.77E-04
514.0	3.72E-04
514.2	2.27E-04
514.4	1.50E-04
514.6	1.07E-04
514.8	7.83E-05
515.0	5.65E-05
515.2	3.96E-05
515.4	2.70E-05
515.6	1.82E-05
515.8	1.25E-05
516.0	8.69E-06
516.2	6.23E-06
516.4	4.60E-06
516.6	3.47E-06
516.8	2.68E-06
517.0	2.11E-06
517.2	1.68E-06
517.4	1.35E-06
517.6	1.10E-06
517.8	8.96E-07
518.0	7.38E-07
518.2	6.11E-07
518.4	5.11E-07
518.6	4.31E-07
518.8	3.68E-07
519.0	3.18E-07
519.2	2.79E-07
519.4	2.48E-07
519.6	2.25E-07
519.8	2.07E-07
520.0	1.94E-07
520.2	1.86E-07
520.4	1.82E-07
520.6	1.81E-07
520.8	1.85E-07
521.0	1.93E-07
521.2	2.07E-07
521.4	2.29E-07
521.6	2.60E-07
521.8	3.07E-07
522.0	3.77E-07
522.2	4.85E-07
522.4	6.64E-07
522.6	9.84E-07
522.8	1.63E-06
523.0	3.17E-06
523.2	8.02E-06
523.4	2.48E-05
523.6	1.92E-05
523.8	6.87E-06
524.0	3.33E-06
524.2	2.02E-06
524.4	1.42E-06
524.6	1.10E-06
524.8	9.25E-07
525.0	8.21E-07
525.2	7.66E-07
525.4	7.45E-07
525.6	7.51E-07
525.8	7.84E-07
526.0	8.41E-07
526.2	9.25E-07
526.4	1.04E-06
526.6	1.17E-06
526.8	1.33E-06
527.0	1.49E-06
527.2	1.64E-06
527.4	1.74E-06
527.6	1.79E-06
527.8	1.80E-06
528.0	1.77E-06
528.2	1.74E-06
528.4	1.71E-06
528.6	1.71E-06
528.8	1.75E-06
529.0	1.82E-06
529.2	1.95E-06
529.4	2.15E-06
529.6	2.44E-06
529.8	2.85E-06
530.0	3.46E-06
530.2	4.33E-06
530.4	5.63E-06
530.6	7.63E-06
530.8	1.08E-05
531.0	1.62E-05
531.2	2.59E-05
531.4	4.44E-05
531.6	8.11E-05
531.8	1.44E-04
532.0	2.03E-04
532.2	2.26E-04
532.4	1.89E-04
532.6	1.29E-04
532.8	8.82E-05
533.0	6.50E-05
533.2	5.19E-05
533.4	4.47E-05
533.6	4.15E-05
533.8	4.14E-05
534.0	4.44E-05
534.2	5.04E-05
534.4	5.67E-05
534.6	5.45E-05
534.8	3.93E-05
535.0	2.31E-05
535.2	1.30E-05
535.4	7.64E-06
535.6	4.74E-06
535.8	3.13E-06
536.0	2.17E-06
536.2	1.58E-06
536.4	1.20E-06
536.6	9.47E-07
536.8	7.73E-07
537.0	6.52E-07
537.2	5.67E-07
537.4	5.08E-07
537.6	4.69E-07
537.8	4.44E-07
538.0	4.34E-07
538.2	4.36E-07
538.4	4.52E-07
538.6	4.84E-07
538.8	5.38E-07
539.0	6.21E-07
539.2	7.51E-07
539.4	9.58E-07
539.6	1.30E-06
539.8	1.90E-06
540.0	2.99E-06
540.2	4.79E-06
540.4	6.24E-06
540.6	5.17E-06
540.8	3.25E-06
541.0	2.02E-06
541.2	1.34E-06
541.4	9.61E-07
541.6	7.34E-07
541.8	5.92E-07
542.0	5.00E-07
542.2	4.39E-07
542.4	3.99E-07
542.6	3.74E-07
542.8	3.61E-07
543.0	3.58E-07
543.2	3.64E-07
543.4	3.79E-07
543.6	4.04E-07
543.8	4.40E-07
544.0	4.90E-07
544.2	5.58E-07
544.4	6.51E-07
544.6	7.77E-07
544.8	9.49E-07
545.0	1.19E-06
545.2	1.54E-06
545.4	2.05E-06
545.6	2.85E-06
545.8	4.16E-06
546.0	6.51E-06
546.2	1.13E-05
546.4	2.37E-05
546.6	7.39E-05
546.8	4.40E-04
547.0	2.09E-04
547.2	7.50E-04
547.4	1.90E-04
547.6	6.98E-05
547.8	4.19E-05
548.0	3.26E-05
548.2	3.05E-05
548.4	3.37E-05
548.6	4.42E-05
548.8	6.62E-05
549.0	7.58E-05
549.2	4.00E-05
549.4	1.61E-05
549.6	7.26E-06
549.8	3.76E-06
550.0	2.17E-06
550.2	1.37E-06
550.4	9.20E-07
550.6	6.52E-07
550.8	4.84E-07
551.0	3.74E-07
551.2	2.99E-07
551.4	2.47E-07
551.6	2.10E-07
551.8	1.84E-07
552.0	1.65E-07
552.2	1.52E-07
552.4	1.44E-07
552.6	1.40E-07
552.8	1.39E-07
553.0	1.42E-07
553.2	1.49E-07
553.4	1.61E-07
553.6	1.78E-07
553.8	2.03E-07
554.0	2.39E-07
554.2	2.87E-07
554.4	3.48E-07
554.6	4.19E-07
554.8	4.82E-07
555.0	5.08E-07
555.2	4.82E-07
555.4	4.19E-07
555.6	3.47E-07
555.8	2.84E-07
556.0	2.36E-07
556.2	2.00E-07
556.4	1.76E-07
556.6	1.59E-07
556.8	1.49E-07
557.0	1.44E-07
557.2	1.44E-07
557.4	1.48E-07
557.6	1.57E-07
557.8	1.71E-07
558.0	1.88E-07
558.2	2.05E-07
558.4	2.17E-07
558.6	2.14E-07
558.8	1.93E-07
559.0	1.60E-07
559.2	1.26E-07
559.4	9.71E-08
559.6	7.47E-08
559.8	5.83E-08
560.0	4.64E-08
560.2	3.78E-08
560.4	3.15E-08
560.6	2.69E-08
560.8	2.34E-08
561.0	2.07E-08
561.2	1.88E-08
561.4	1.73E-08
561.6	1.61E-08
561.8	1.53E-08
562.0	1.47E-08
562.2	1.44E-08
562.4	1.42E-08
562.6	1.42E-08
562.8	1.43E-08
563.0	1.45E-08
563.2	1.48E-08
563.4	1.51E-08
563.6	1.55E-08
563.8	1.59E-08
564.0	1.62E-08
564.2	1.65E-08
564.4	1.67E-08
564.6	1.68E-08
564.8	1.68E-08
565.0	1.68E-08
565.2	1.68E-08
565.4	1.67E-08
565.6	1.67E-08
565.8	1.68E-08
566.0	1.70E-08
566.2	1.73E-08
566.4	1.78E-08
566.6	1.86E-08
566.8	1.96E-08
567.0	2.10E-08
567.2	2.27E-08
567.4	2.50E-08
567.6	2.78E-08
567.8	3.12E-08
568.0	3.51E-08
568.2	3.92E-08
568.4	4.32E-08
568.6	4.61E-08
568.8	4.72E-08
569.0	4.60E-08
569.2	4.29E-08
569.4	3.86E-08
569.6	3.40E-08
569.8	2.97E-08
570.0	2.60E-08
570.2	2.29E-08
570.4	2.04E-08
570.6	1.85E-08
570.8	1.70E-08
571.0	1.58E-08
571.2	1.50E-08
571.4	1.45E-08
571.6	1.42E-08
571.8	1.41E-08
572.0	1.43E-08
572.2	1.47E-08
572.4	1.54E-08
572.6	1.64E-08
572.8	1.77E-08
573.0	1.95E-08
573.2	2.19E-08
573.4	2.50E-08
573.6	2.92E-08
573.8	3.49E-08
574.0	4.27E-08
574.2	5.39E-08
574.4	7.01E-08
574.6	9.48E-08
574.8	1.34E-07
575.0	2.00E-07
575.2	3.21E-07
575.4	5.60E-07
575.6	1.06E-06
575.8	1.96E-06
576.0	2.48E-06
576.2	1.86E-06
576.4	1.19E-06
576.6	8.09E-07
576.8	5.98E-07
577.0	4.77E-07
577.2	4.05E-07
577.4	3.61E-07
577.6	3.35E-07
577.8	3.22E-07
578.0	3.18E-07
578.2	3.23E-07
578.4	3.34E-07
578.6	3.52E-07
578.8	3.76E-07
579.0	4.07E-07
579.2	4.43E-07
579.4	4.86E-07
579.6	5.34E-07
579.8	5.87E-07
580.0	6.45E-07
580.2	7.08E-07
580.4	7.77E-07
580.6	8.54E-07
580.8	9.41E-07
581.0	1.05E-06
581.2	1.17E-06
581.4	1.33E-06
581.6	1.54E-06
581.8	1.81E-06
582.0	2.17E-06
582.2	2.67E-06
582.4	3.35E-06
582.6	4.27E-06
582.8	5.42E-06
583.0	6.69E-06
583.2	7.72E-06
583.4	8.08E-06
583.6	7.66E-06
583.8	6.79E-06
584.0	5.83E-06
584.2	5.01E-06
584.4	4.38E-06
584.6	3.92E-06
584.8	3.61E-06
585.0	3.42E-06
585.2	3.33E-06
585.4	3.33E-06
585.6	3.42E-06
585.8	3.60E-06
586.0	3.88E-06
586.2	4.29E-06
586.4	4.86E-06
586.6	5.63E-06
586.8	6.68E-06
587.0	8.13E-06
587.2	1.02E-05
587.4	1.32E-05
587.6	1.81E-05
587.8	2.66E-05
588.0	4.45E-05
588.2	9.63E-05
588.4	3.76E-04
588.6	5.07E-04
588.8	2.04E-04
589.0	9.78E-04
589.2	1.08E-04
589.4	3.08E-05
589.6	1.42E-05
589.8	7.96E-06
590.0	5.02E-06
590.2	3.43E-06
590.4	2.48E-06
590.6	1.86E-06
590.8	1.45E-06
591.0	1.16E-06
591.2	9.60E-07
591.4	8.10E-07
591.6	6.99E-07
591.8	6.15E-07
592.0	5.51E-07
592.2	5.03E-07
592.4	4.67E-07
592.6	4.41E-07
592.8	4.23E-07
593.0	4.12E-07
593.2	4.08E-07
593.4	4.10E-07
593.6	4.19E-07
593.8	4.34E-07
594.0	4.58E-07
594.2	4.90E-07
594.4	5.34E-07
594.6	5.92E-07
594.8	6.68E-07
595.0	7.69E-07
595.2	9.04E-07
595.4	1.09E-06
595.6	1.34E-06
595.8	1.69E-06
596.0	2.18E-06
596.2	2.91E-06
596.4	3.99E-06
596.6	5.58E-06
596.8	7.83E-06
597.0	1.07E-05
597.2	1.33E-05
597.4	1.47E-05
597.6	1.43E-05
597.8	1.28E-05
598.0	1.12E-05
598.2	9.90E-06
598.4	8.96E-06
598.6	8.37E-06
598.8	8.09E-06
599.0	8.08E-06
599.2	8.34E-06
599.4	8.91E-06
599.6	9.84E-06
599.8	1.13E-05
600.0	1.34E-05
600.2	1.65E-05
600.4	2.11E-05
600.6	2.81E-05
600.8	3.81E-05
601.0	5.07E-05
601.2	6.14E-05
601.4	6.26E-05
601.6	5.29E-05
601.8	3.91E-05
602.0	2.77E-05
602.2	1.98E-05
602.4	1.46E-05
602.6	1.11E-05
602.8	8.66E-06
603.0	6.94E-06
603.2	5.69E-06
603.4	4.75E-06
603.6	4.05E-06
603.8	3.50E-06
604.0	3.08E-06
604.2	2.74E-06
604.4	2.48E-06
604.6	2.28E-06
604.8	2.12E-06
605.0	2.00E-06
605.2	1.92E-06
605.4	1.87E-06
605.6	1.84E-06
605.8	1.85E-06
606.0	1.89E-06
606.2	1.97E-06
606.4	2.09E-06
606.6	2.26E-06
606.8	2.51E-06
607.0	2.85E-06
607.2	3.34E-06
607.4	4.05E-06
607.6	5.11E-06
607.8	6.78E-06
608.0	9.59E-06
608.2	1.47E-05
608.4	2.52E-05
608.6	4.85E-05
608.8	8.82E-05
609.0	8.96E-05
609.2	5.10E-05
609.4	2.74E-05
609.6	1.65E-05
609.8	1.10E-05
610.0	8.03E-06
610.2	6.22E-06
610.4	5.07E-06
610.6	4.29E-06
610.8	3.75E-06
611.0	3.37E-06
611.2	3.10E-06
611.4	2.90E-06
611.6	2.76E-06
611.8	2.66E-06
612.0	2.59E-06
612.2	2.53E-06
612.4	2.49E-06
612.6	2.45E-06
612.8	2.41E-06
613.0	2.36E-06
613.2	2.32E-06
613.4	2.27E-06
613.6	2.21E-06
613.8	2.16E-06
614.0	2.12E-06
614.2	2.09E-06
614.4	2.07E-06
614.6	2.07E-06
614.8	2.10E-06
615.0	2.17E-06
615.2	2.28E-06
615.4	2.45E-06
615.6	2.70E-06
615.8	3.07E-06
616.0	3.63E-06
616.2	4.50E-06
616.4	5.93E-06
616.6	8.50E-06
616.8	1.37E-05
617.0	2.59E-05
617.2	5.53E-05
617.4	6.61E-05
617.6	3.06E-05
617.8	1.36E-05
618.0	7.14E-06
618.2	4.29E-06
618.4	2.83E-06
618.6	2.00E-06
618.8	1.49E-06
619.0	1.16E-06
619.2	9.32E-07
619.4	7.71E-07
619.6	6.53E-07
619.8	5.66E-07
620.0	5.00E-07
620.2	4.49E-07
620.4	4.10E-07
620.6	3.80E-07
620.8	3.57E-07
621.0	3.39E-07
621.2	3.26E-07
621.4	3.18E-07
621.6	3.13E-07
621.8	3.12E-07
622.0	3.14E-07
622.2	3.19E-07
622.4	3.28E-07
622.6	3.40E-07
622.8	3.56E-07
623.0	3.77E-07
623.2	4.03E-07
623.4	4.36E-07
623.6	4.76E-07
623.8	5.27E-07
624.0	5.89E-07
624.2	6.68E-07
624.4	7.68E-07
624.6	8.98E-07
624.8	1.07E-06
625.0	1.29E-06
625.2	1.61E-06
625.4	2.06E-06
625.6	2.73E-06
625.8	3.79E-06
626.0	5.60E-06
626.2	9.04E-06
626.4	1.68E-05
626.6	3.96E-05
626.8	1.43E-04
627.0	2.62E-04
627.2	1.01E-04
627.4	3.48E-05
627.6	1.74E-05
627.8	1.07E-05
628.0	7.39E-06
628.2	5.57E-06
628.4	4.46E-06
628.6	3.74E-06
628.8	3.27E-06
629.0	2.95E-06
629.2	2.74E-06
629.4	2.62E-06
629.6	2.57E-06
629.8	2.59E-06
630.0	2.67E-06
630.2	2.82E-06
630.4	3.04E-06
630.6	3.36E-06
630.8	3.79E-06
631.0	4.31E-06
631.2	4.89E-06
631.4	5.42E-06
631.6	5.71E-06
631.8	5.57E-06
632.0	5.01E-06
632.2	4.20E-06
632.4	3.36E-06
632.6	2.65E-06
632.8	2.08E-06
633.0	1.66E-06
633.2	1.34E-06
633.4	1.11E-06
633.6	9.29E-07
633.8	7.96E-07
634.0	6.94E-07
634.2	6.16E-07
634.4	5.56E-07
634.6	5.10E-07
634.8	4.74E-07
635.0	4.48E-07
635.2	4.29E-07
635.4	4.17E-07
635.6	4.11E-07
635.8	4.10E-07
636.0	4.16E-07
636.2	4.27E-07
636.4	4.44E-07
636.6	4.70E-07
636.8	5.04E-07
637.0	5.49E-07
637.2	6.08E-07
637.4	6.85E-07
637.6	7.87E-07
637.8	9.23E-07
638.0	1.11E-06
638.2	1.36E-06
638.4	1.72E-06
638.6	2.23E-06
638.8	2.99E-06
639.0	4.14E-06
639.2	5.87E-06
639.4	8.29E-06
639.6	1.11E-05
639.8	1.33E-05
640.0	1.38E-05
640.2	1.25E-05
640.4	1.05E-05
640.6	8.66E-06
640.8	7.30E-06
641.0	6.36E-06
641.2	5.76E-06
641.4	5.44E-06
641.6	5.35E-06
641.8	5.49E-06
642.0	5.89E-06
642.2	6.64E-06
642.4	7.95E-06
642.6	1.03E-05
642.8	1.47E-05
643.0	2.49E-05
643.2	5.85E-05
643.4	3.95E-04
643.6	4.46E-04
643.8	3.37E-04
644.0	4.14E-05
644.2	1.58E-05
644.4	8.27E-06
644.6	5.07E-06
644.8	3.43E-06
645.0	2.48E-06
645.2	1.88E-06
645.4	1.49E-06
645.6	1.21E-06
645.8	1.02E-06
646.0	8.75E-07
646.2	7.69E-07
646.4	6.89E-07
646.6	6.29E-07
646.8	5.85E-07
647.0	5.53E-07
647.2	5.32E-07
647.4	5.21E-07
647.6	5.18E-07
647.8	5.26E-07
648.0	5.44E-07
648.2	5.76E-07
648.4	6.25E-07
648.6	6.97E-07
648.8	8.06E-07
649.0	9.72E-07
649.2	1.24E-06
649.4	1.72E-06
649.6	2.71E-06
649.8	5.42E-06
650.0	2.07E-05
650.2	9.11E-05
650.4	4.99E-05
650.6	3.51E-05
650.8	5.63E-06
651.0	2.18E-06
651.2	1.13E-06
651.4	6.88E-07
651.6	4.58E-07
651.8	3.24E-07
652.0	2.40E-07
652.2	1.85E-07
652.4	1.47E-07
652.6	1.19E-07
652.8	9.86E-08
653.0	8.33E-08
653.2	7.15E-08
653.4	6.23E-08
653.6	5.50E-08
653.8	4.92E-08
654.0	4.45E-08
654.2	4.08E-08
654.4	3.77E-08
654.6	3.52E-08
654.8	3.32E-08
655.0	3.17E-08
655.2	3.05E-08
655.4	2.96E-08
655.6	2.90E-08
655.8	2.87E-08
656.0	2.87E-08
656.2	2.89E-08
656.4	2.95E-08
656.6	3.03E-08
656.8	3.15E-08
657.0	3.31E-08
657.2	3.52E-08
657.4	3.78E-08
657.6	4.11E-08
657.8	4.53E-08
658.0	5.07E-08
658.2	5.76E-08
658.4	6.66E-08
658.6	7.84E-08
658.8	9.45E-08
659.0	1.17E-07
659.2	1.49E-07
659.4	1.96E-07
659.6	2.72E-07
659.8	4.00E-07
660.0	6.45E-07
660.2	1.21E-06
660.4	2.99E-06
660.6	1.56E-05
660.8	1.95E-05
661.0	4.98E-05
661.2	9.44E-06
661.4	3.19E-06
661.6	1.71E-06
661.8	1.13E-06
662.0	8.52E-07
662.2	6.96E-07
662.4	6.06E-07
662.6	5.55E-07
662.8	5.32E-07
663.0	5.31E-07
663.2	5.52E-07
663.4	5.95E-07
663.6	6.68E-07
663.8	7.83E-07
664.0	9.63E-07
664.2	1.25E-06
664.4	1.74E-06
664.6	2.63E-06
664.8	4.50E-06
665.0	9.27E-06
665.2	2.74E-05
665.4	2.91E-04
665.6	3.57E-04
665.8	1.83E-03
666.0	2.07E-04
666.2	3.21E-04
666.4	6.64E-04
666.6	3.48E-04
666.8	4.32E-05
667.0	6.07E-06
667.2	1.87E-06
667.4	7.66E-07
667.6	3.68E-07
667.8	1.96E-07
668.0	1.12E-07
668.2	6.79E-08
668.4	4.30E-08
668.6	2.82E-08
668.8	1.91E-08
669.0	1.33E-08
669.2	9.44E-09
669.4	6.84E-09
669.6	5.04E-09
669.8	3.77E-09
670.0	2.87E-09
670.2	2.20E-09
670.4	1.71E-09
670.6	1.35E-09
670.8	1.07E-09
671.0	8.56E-10
671.2	6.92E-10
671.4	5.63E-10
671.6	4.62E-10
671.8	3.81E-10
672.0	3.17E-10
672.2	2.65E-10
672.4	2.23E-10
672.6	1.88E-10
672.8	1.60E-10
673.0	1.37E-10
673.2	1.18E-10
673.4	1.02E-10
673.6	8.81E-11
673.8	7.67E-11
674.0	6.71E-11
674.2	5.89E-11
674.4	5.20E-11
674.6	4.60E-11
674.8	4.09E-11
675.0	3.65E-11
675.2	3.27E-11
675.4	2.94E-11
675.6	2.65E-11
675.8	2.40E-11
676.0	2.18E-11
676.2	1.99E-11
676.4	1.82E-11
676.6	1.67E-11
676.8	1.53E-11
677.0	1.42E-11
677.2	1.31E-11
677.4	1.22E-11
677.6	1.14E-11
677.8	1.07E-11
678.0	1.00E-11
678.2	9.42E-12
678.4	8.90E-12
678.6	8.43E-12
678.8	8.02E-12
679.0	7.65E-12
679.2	7.32E-12
679.4	7.02E-12
679.6	6.76E-12
679.8	6.54E-12
680.0	6.34E-12
680.2	6.16E-12
680.4	6.00E-12
680.6	5.87E-12
680.8	5.77E-12
681.0	5.68E-12
681.2	5.61E-12
681.4	5.57E-12
681.6	5.54E-12
681.8	5.54E-12
682.0	5.55E-12
682.2	5.59E-12
682.4	5.65E-12
682.6	5.74E-12
682.8	5.86E-12
683.0	6.00E-12
683.2	6.18E-12
683.4	6.39E-12
683.6	6.65E-12
683.8	6.96E-12
684.0	7.32E-12
684.2	7.76E-12
684.4	8.28E-12
684.6	8.90E-12
684.8	9.64E-12
685.0	1.06E-11
685.2	1.17E-11
685.4	1.30E-11
685.6	1.48E-11
685.8	1.70E-11
686.0	1.99E-11
686.2	2.38E-11
686.4	2.92E-11
686.6	3.71E-11
686.8	4.92E-11
687.0	6.94E-11
687.2	1.07E-10
687.4	1.91E-10
687.6	4.64E-10
687.8	3.04E-09
688.0	5.93E-09
688.2	4.82E-09
688.4	1.89E-09
688.6	3.25E-10
688.8	1.39E-10
689.0	7.84E-11
689.2	5.06E-11
689.4	3.54E-11
689.6	2.62E-11
689.8	2.02E-11
690.0	1.60E-11
690.2	1.30E-11
690.4	1.08E-11
690.6	9.09E-12
690.8	7.77E-12
691.0	6.72E-12
691.2	5.88E-12
691.4	5.19E-12
691.6	4.62E-12
691.8	4.14E-12
692.0	3.74E-12
692.2	3.40E-12
692.4	3.11E-12
692.6	2.85E-12
692.8	2.63E-12
693.0	2.44E-12
693.2	2.27E-12
693.4	2.12E-12
693.6	1.99E-12
693.8	1.87E-12
694.0	1.77E-12
694.2	1.68E-12
694.4	1.59E-12
694.6	1.52E-12
694.8	1.45E-12
695.0	1.39E-12
695.2	1.34E-12
695.4	1.29E-12
695.6	1.24E-12
695.8	1.20E-12
696.0	1.17E-12
696.2	1.14E-12
696.4	1.11E-12
696.6	1.08E-12
696.8	1.06E-12
697.0	1.04E-12
697.2	1.02E-12
697.4	1.00E-12
697.6	9.89E-13
697.8	9.78E-13
698.0	9.68E-13
698.2	9.61E-13
698.4	9.55E-13
698.6	9.52E-13
698.8	9.50E-13
699.0	9.50E-13
699.2	9.52E-13
699.4	9.56E-13
699.6	9.61E-13
699.8	9.69E-13
700.0	9.79E-13
700.2	9.90E-13
700.4	1.00E-12
700.6	1.02E-12
700.8	1.04E-12
701.0	1.06E-12
701.2	1.08E-12
701.4	1.10E-12
701.6	1.13E-12
701.8	1.16E-12
702.0	1.20E-12
702.2	1.24E-12
702.4	1.28E-12
702.6	1.33E-12
702.8	1.38E-12
703.0	1.44E-12
703.2	1.51E-12
703.4	1.58E-12
703.6	1.66E-12
703.8	1.75E-12
704.0	1.84E-12
704.2	1.95E-12
704.4	2.07E-12
704.6	2.21E-12
704.8	2.36E-12
705.0	2.53E-12
705.2	2.72E-12
705.4	2.94E-12
705.6	3.19E-12
705.8	3.47E-12
706.0	3.79E-12
706.2	4.16E-12
706.4	4.59E-12
706.6	5.08E-12
706.8	5.67E-12
707.0	6.35E-12
707.2	7.16E-12
707.4	8.13E-12
707.6	9.31E-12
707.8	1.07E-11
708.0	1.25E-11
708.2	1.47E-11
708.4	1.75E-11
708.6	2.12E-11
708.8	2.60E-11
709.0	3.25E-11
709.2	4.16E-11
709.4	5.49E-11
709.6	7.52E-11
709.8	1.08E-10
710.0	1.68E-10
710.2	2.92E-10
710.4	6.25E-10
710.6	2.24E-09
710.8	4.53E-07
711.0	4.26E-09
711.2	9.55E-08
711.4	2.87E-09
711.6	7.57E-10
711.8	3.75E-10
712.0	2.33E-10
712.2	1.63E-10
712.4	1.23E-10
712.6	9.70E-11
712.8	7.96E-11
713.0	6.73E-11
713.2	5.81E-11
713.4	5.12E-11
713.6	4.58E-11
713.8	4.15E-11
714.0	3.81E-11
714.2	3.53E-11
714.4	3.30E-11
714.6	3.11E-11
714.8	2.95E-11
715.0	2.82E-11
715.2	2.72E-11
715.4	2.63E-11
715.6	2.55E-11
715.8	2.50E-11
716.0	2.45E-11
716.2	2.41E-11
716.4	2.39E-11
716.6	2.37E-11
716.8	2.37E-11
717.0	2.37E-11
717.2	2.37E-11
717.4	2.39E-11
717.6	2.41E-11
717.8	2.44E-11
718.0	2.48E-11
718.2	2.53E-11
718.4	2.58E-11
718.6	2.64E-11
718.8	2.71E-11
719.0	2.79E-11
719.2	2.88E-11
719.4	2.97E-11
719.6	3.08E-11
719.8	3.20E-11
720.0	3.33E-11
720.2	3.48E-11
720.4	3.65E-11
720.6	3.83E-11
720.8	4.04E-11
721.0	4.26E-11
721.2	4.51E-11
721.4	4.78E-11
721.6	5.08E-11
721.8	5.41E-11
722.0	5.78E-11
722.2	6.19E-11
722.4	6.64E-11
722.6	7.14E-11
722.8	7.70E-11
723.0	8.32E-11
723.2	9.01E-11
723.4	9.79E-11
723.6	1.07E-10
723.8	1.16E-10
724.0	1.27E-10
724.2	1.40E-10
724.4	1.54E-10
724.6	1.70E-10
724.8	1.88E-10
725.0	2.09E-10
725.2	2.32E-10
725.4	2.60E-10
725.6	2.91E-10
725.8	3.28E-10
726.0	3.70E-10
726.2	4.19E-10
726.4	4.77E-10
726.6	5.46E-10
726.8	6.26E-10
727.0	7.22E-10
727.2	8.37E-10
727.4	9.75E-10
727.6	1.14E-09
727.8	1.35E-09
728.0	1.60E-09
728.2	1.91E-09
728.4	2.30E-09
728.6	2.79E-09
728.8	3.42E-09
729.0	4.22E-09
729.2	5.28E-09
729.4	6.69E-09
729.6	8.58E-09
729.8	1.12E-08
730.0	1.48E-08
730.2	1.98E-08
730.4	2.70E-08
730.6	3.70E-08
730.8	5.04E-08
731.0	6.69E-08
731.2	8.42E-08
731.4	9.86E-08
731.6	1.07E-07
731.8	1.08E-07
732.0	1.00E-07
732.2	8.86E-08
732.4	7.61E-08
732.6	6.53E-08
732.8	5.65E-08
733.0	4.96E-08
733.2	4.43E-08
733.4	4.02E-08
733.6	3.70E-08
733.8	3.45E-08
734.0	3.25E-08
734.2	3.10E-08
734.4	2.99E-08
734.6	2.90E-08
734.8	2.83E-08
735.0	2.79E-08
735.2	2.76E-08
735.4	2.76E-08
735.6	2.76E-08
735.8	2.78E-08
736.0	2.81E-08
736.2	2.85E-08
736.4	2.90E-08
736.6	2.97E-08
736.8	3.05E-08
737.0	3.13E-08
737.2	3.23E-08
737.4	3.35E-08
737.6	3.47E-08
737.8	3.61E-08
738.0	3.76E-08
738.2	3.93E-08
738.4	4.11E-08
738.6	4.31E-08
738.8	4.53E-08
739.0	4.76E-08
739.2	5.02E-08
739.4	5.31E-08
739.6	5.62E-08
739.8	5.95E-08
740.0	6.32E-08
740.2	6.70E-08
740.4	7.12E-08
740.6	7.57E-08
740.8	8.06E-08
741.0	8.60E-08
741.2	9.19E-08
741.4	9.84E-08
741.6	1.05E-07
741.8	1.13E-07
742.0	1.22E-07
742.2	1.31E-07
742.4	1.41E-07
742.6	1.53E-07
742.8	1.65E-07
743.0	1.79E-07
743.2	1.95E-07
743.4	2.12E-07
743.6	2.31E-07
743.8	2.52E-07
744.0	2.75E-07
744.2	3.01E-07
744.4	3.31E-07
744.6	3.64E-07
744.8	4.00E-07
745.0	4.42E-07
745.2	4.88E-07
745.4	5.41E-07
745.6	6.00E-07
745.8	6.66E-07
746.0	7.42E-07
746.2	8.27E-07
746.4	9.25E-07
746.6	1.03E-06
746.8	1.16E-06
747.0	1.30E-06
747.2	1.47E-06
747.4	1.65E-06
747.6	1.87E-06
747.8	2.11E-06
748.0	2.39E-06
748.2	2.71E-06
748.4	3.08E-06
748.6	3.50E-06
748.8	3.99E-06
749.0	4.55E-06
749.2	5.20E-06
749.4	5.95E-06
749.6	6.81E-06
749.8	7.81E-06
750.0	8.96E-06
750.2	1.03E-05
750.4	1.18E-05
750.6	1.36E-05
750.8	1.57E-05
751.0	1.82E-05
751.2	2.10E-05
751.4	2.43E-05
751.6	2.81E-05
751.8	3.27E-05
752.0	3.80E-05
752.2	4.43E-05
752.4	5.17E-05
752.6	6.04E-05
752.8	7.09E-05
753.0	8.33E-05
753.2	9.82E-05
753.4	1.16E-04
753.6	1.38E-04
753.8	1.64E-04
754.0	1.96E-04
754.2	2.35E-04
754.4	2.84E-04
754.6	3.44E-04
754.8	4.19E-04
755.0	5.13E-04
755.2	6.32E-04
755.4	7.83E-04
755.6	9.77E-04
755.8	1.23E-03
756.0	1.56E-03
756.2	1.99E-03
756.4	2.56E-03
756.6	3.32E-03
756.8	4.36E-03
757.0	5.79E-03
757.2	7.76E-03
757.4	1.05E-02
757.6	1.45E-02
757.8	2.02E-02
758.0	2.86E-02
758.2	4.11E-02
758.4	6.02E-02
758.6	8.98E-02
758.8	1.37E-01
759.0	2.14E-01
759.2	3.42E-01
759.4	5.62E-01
759.6	9.54E-01
759.8	1.67E+00
760.0	3.04E+00
760.2	5.84E+00
760.4	1.15E+01
760.6	2.27E+01
760.8	4.21E+01
761.0	6.67E+01
761.2	8.65E+01
761.4	9.61E+01
761.6	9.92E+01
761.8	9.98E+01
762.0	9.99E+01
762.2	1.00E+02
762.4	9.99E+01
762.6	9.98E+01
762.8	9.97E+01
763.0	9.95E+01
763.2	9.94E+01
763.4	9.96E+01
763.6	9.95E+01
763.8	9.72E+01
764.0	8.80E+01
764.2	6.85E+01
764.4	4.43E+01
764.6	2.50E+01
764.8	1.34E+01
765.0	7.19E+00
765.2	3.96E+00
765.4	2.25E+00
765.6	1.33E+00
765.8	8.06E-01
766.0	5.03E-01
766.2	3.22E-01
766.4	2.11E-01
766.6	1.41E-01
766.8	9.56E-02
767.0	6.59E-02
767.2	4.61E-02
767.4	3.26E-02
767.6	2.34E-02
767.8	1.69E-02
768.0	1.24E-02
768.2	9.13E-03
768.4	6.79E-03
768.6	5.09E-03
768.8	3.84E-03
769.0	2.92E-03
769.2	2.23E-03
769.4	1.72E-03
769.6	1.33E-03
769.8	1.04E-03
770.0	8.13E-04
770.2	6.41E-04
770.4	5.07E-04
770.6	4.04E-04
770.8	3.23E-04
771.0	2.60E-04
771.2	2.10E-04
771.4	1.70E-04
771.6	1.39E-04
771.8	1.14E-04
772.0	9.34E-05
772.2	7.72E-05
772.4	6.40E-05
772.6	5.33E-05
772.8	4.46E-05
773.0	3.75E-05
773.2	3.16E-05
773.4	2.67E-05
773.6	2.27E-05
773.8	1.94E-05
774.0	1.66E-05
774.2	1.43E-05
774.4	1.23E-05
774.6	1.06E-05
774.8	9.24E-06
775.0	8.06E-06
775.2	7.05E-06
775.4	6.18E-06
775.6	5.44E-06
775.8	4.81E-06
776.0	4.26E-06
776.2	3.79E-06
776.4	3.38E-06
776.6	3.02E-06
776.8	2.71E-06
777.0	2.44E-06
777.2	2.20E-06
777.4	1.99E-06
777.6	1.81E-06
777.8	1.65E-06
778.0	1.50E-06
778.2	1.38E-06
778.4	1.26E-06
778.6	1.16E-06
778.8	1.07E-06
779.0	9.92E-07
779.2	9.20E-07
779.4	8.55E-07
779.6	7.97E-07
779.8	7.45E-07
780.0	6.98E-07
780.2	6.55E-07
780.4	6.17E-07
780.6	5.82E-07
780.8	5.50E-07
781.0	5.21E-07
781.2	4.95E-07
781.4	4.71E-07
781.6	4.49E-07
781.8	4.28E-07
782.0	4.10E-07
782.2	3.92E-07
782.4	3.76E-07
782.6	3.62E-07
782.8	3.48E-07
783.0	3.36E-07
783.2	3.24E-07
783.4	3.13E-07
783.6	3.03E-07
783.8	2.93E-07
784.0	2.84E-07
784.2	2.75E-07
784.4	2.67E-07
784.6	2.59E-07
784.8	2.52E-07
785.0	2.45E-07
785.2	2.38E-07
785.4	2.32E-07
785.6	2.25E-07
785.8	2.19E-07
786.0	2.13E-07
786.2	2.07E-07
786.4	2.02E-07
786.6	1.96E-07
786.8	1.90E-07
787.0	1.85E-07
787.2	1.79E-07
787.4	1.74E-07
787.6	1.68E-07
787.8	1.63E-07
788.0	1.57E-07
788.2	1.52E-07
788.4	1.47E-07
788.6	1.42E-07
788.8	1.36E-07
789.0	1.31E-07
789.2	1.26E-07
789.4	1.21E-07
789.6	1.16E-07
789.8	1.12E-07
790.0	1.07E-07
790.2	1.02E-07
790.4	9.78E-08
790.6	9.34E-08
790.8	8.92E-08
791.0	8.50E-08
791.2	8.10E-08
791.4	7.72E-08
791.6	7.34E-08
791.8	6.98E-08
792.0	6.63E-08
792.2	6.29E-08
792.4	5.97E-08
792.6	5.66E-08
792.8	5.37E-08
793.0	5.09E-08
793.2	4.82E-08
793.4	4.56E-08
793.6	4.32E-08
793.8	4.09E-08
794.0	3.87E-08
794.2	3.66E-08
794.4	3.47E-08
794.6	3.28E-08
794.8	3.11E-08
795.0	2.94E-08
795.2	2.79E-08
795.4	2.64E-08
795.6	2.51E-08
795.8	2.38E-08
796.0	2.26E-08
796.2	2.14E-08
796.4	2.04E-08
796.6	1.94E-08
796.8	1.84E-08
797.0	1.76E-08
797.2	1.68E-08
797.4	1.60E-08
797.6	1.53E-08
797.8	1.46E-08
798.0	1.40E-08
798.2	1.34E-08
798.4	1.29E-08
798.6	1.24E-08
798.8	1.19E-08
799.0	1.15E-08
799.2	1.10E-08
799.4	1.07E-08
799.6	1.03E-08
799.8	9.98E-09
800.0	9.67E-09
800.2	9.38E-09
800.4	9.11E-09
800.6	8.87E-09
800.8	8.64E-09
801.0	8.42E-09
801.2	8.23E-09
801.4	8.04E-09
801.6	7.88E-09
801.8	7.72E-09
802.0	7.58E-09
802.2	7.45E-09
802.4	7.33E-09
802.6	7.22E-09
802.8	7.12E-09
803.0	7.04E-09
803.2	6.96E-09
803.4	6.89E-09
803.6	6.83E-09
803.8	6.78E-09
804.0	6.74E-09
804.2	6.71E-09
804.4	6.68E-09
804.6	6.66E-09
804.8	6.65E-09
805.0	6.65E-09
805.2	6.65E-09
805.4	6.67E-09
805.6	6.69E-09
805.8	6.72E-09
806.0	6.75E-09
806.2	6.80E-09
806.4	6.85E-09
806.6	6.91E-09
806.8	6.98E-09
807.0	7.06E-09
807.2	7.14E-09
807.4	7.24E-09
807.6	7.34E-09
807.8	7.46E-09
808.0	7.59E-09
808.2	7.73E-09
808.4	7.88E-09
808.6	8.04E-09
808.8	8.21E-09
809.0	8.40E-09
809.2	8.61E-09
809.4	8.83E-09
809.6	9.06E-09
809.8	9.32E-09
810.0	9.59E-09
810.2	9.88E-09
810.4	1.02E-08
810.6	1.05E-08
810.8	1.09E-08
811.0	1.12E-08
811.2	1.16E-08
811.4	1.20E-08
811.6	1.25E-08
811.8	1.29E-08
812.0	1.34E-08
812.2	1.38E-08
812.4	1.43E-08
812.6	1.48E-08
812.8	1.53E-08
813.0	1.57E-08
813.2	1.61E-08
813.4	1.65E-08
813.6	1.68E-08
813.8	1.71E-08
814.0	1.73E-08
814.2	1.74E-08
814.4	1.74E-08
814.6	1.74E-08
814.8	1.72E-08
815.0	1.69E-08
815.2	1.66E-08
815.4	1.62E-08
815.6	1.57E-08
815.8	1.52E-08
816.0	1.46E-08
816.2	1.41E-08
816.4	1.35E-08
816.6	1.29E-08
816.8	1.23E-08
817.0	1.17E-08
817.2	1.11E-08
817.4	1.06E-08
817.6	1.01E-08
817.8	9.60E-09
818.0	9.15E-09
818.2	8.73E-09
818.4	8.35E-09
818.6	7.99E-09
818.8	7.66E-09
819.0	7.36E-09
819.2	7.08E-09
819.4	6.83E-09
819.6	6.60E-09
819.8	6.39E-09
820.0	6.21E-09
820.2	6.04E-09
820.4	5.90E-09
820.6	5.77E-09
820.8	5.66E-09
821.0	5.57E-09
821.2	5.49E-09
821.4	5.43E-09
821.6	5.38E-09
821.8	5.35E-09
822.0	5.34E-09
822.2	5.34E-09
822.4	5.36E-09
822.6	5.40E-09
822.8	5.45E-09
823.0	5.52E-09
823.2	5.62E-09
823.4	5.73E-09
823.6	5.87E-09
823.8	6.04E-09
824.0	6.23E-09
824.2	6.46E-09
824.4	6.73E-09
824.6	7.05E-09
824.8	7.42E-09
825.0	7.85E-09
825.2	8.35E-09
825.4	8.95E-09
825.6	9.65E-09
825.8	1.05E-08
826.0	1.15E-08
826.2	1.27E-08
826.4	1.43E-08
826.6	1.62E-08
826.8	1.86E-08
827.0	2.18E-08
827.2	2.59E-08
827.4	3.16E-08
827.6	3.96E-08
827.8	5.09E-08
828.0	6.71E-08
828.2	8.92E-08
828.4	1.14E-07
828.6	1.32E-07
828.8	1.38E-07
829.0	1.37E-07
829.2	1.24E-07
829.4	9.78E-08
829.6	7.04E-08
829.8	4.94E-08
830.0	3.51E-08
830.2	2.56E-08
830.4	1.92E-08
830.6	1.48E-08
830.8	1.16E-08
831.0	9.26E-09
831.2	7.52E-09
831.4	6.19E-09
831.6	5.16E-09
831.8	4.34E-09
832.0	3.69E-09
832.2	3.16E-09
832.4	2.72E-09
832.6	2.36E-09
832.8	2.06E-09
833.0	1.81E-09
833.2	1.59E-09
833.4	1.41E-09
833.6	1.25E-09
833.8	1.12E-09
834.0	1.00E-09
834.2	8.99E-10
834.4	8.10E-10
834.6	7.32E-10
834.8	6.63E-10
835.0	6.02E-10
835.2	5.48E-10
835.4	5.00E-10
835.6	4.58E-10
835.8	4.19E-10
836.0	3.85E-10
836.2	3.54E-10
836.4	3.27E-10
836.6	3.02E-10
836.8	2.79E-10
837.0	2.59E-10
837.2	2.40E-10
837.4	2.23E-10
837.6	2.08E-10
837.8	1.94E-10
838.0	1.81E-10
838.2	1.70E-10
838.4	1.59E-10
838.6	1.49E-10
838.8	1.40E-10
839.0	1.32E-10
839.2	1.24E-10
839.4	1.17E-10
839.6	1.11E-10
839.8	1.05E-10
840.0	9.94E-11
840.2	9.43E-11
840.4	8.95E-11
840.6	8.52E-11
840.8	8.11E-11
841.0	7.73E-11
841.2	7.38E-11
841.4	7.05E-11
841.6	6.74E-11
841.8	6.46E-11
842.0	6.19E-11
842.2	5.95E-11
842.4	5.71E-11
842.6	5.50E-11
842.8	5.29E-11
843.0	5.11E-11
843.2	4.93E-11
843.4	4.76E-11
843.6	4.61E-11
843.8	4.46E-11
844.0	4.32E-11
844.2	4.19E-11
844.4	4.07E-11
844.6	3.96E-11
844.8	3.85E-11
845.0	3.75E-11
845.2	3.66E-11
845.4	3.57E-11
845.6	3.49E-11
845.8	3.41E-11
846.0	3.34E-11
846.2	3.27E-11
846.4	3.21E-11
846.6	3.15E-11
846.8	3.09E-11
847.0	3.04E-11
847.2	2.99E-11
847.4	2.94E-11
847.6	2.90E-11
847.8	2.86E-11
848.0	2.82E-11
848.2	2.79E-11
848.4	2.75E-11
848.6	2.73E-11
848.8	2.70E-11
849.0	2.67E-11
849.2	2.65E-11
849.4	2.63E-11
849.6	2.61E-11
849.8	2.59E-11
850.0	2.58E-11
850.2	2.57E-11
850.4	2.56E-11
850.6	2.55E-11
850.8	2.54E-11
851.0	2.53E-11
851.2	2.53E-11
851.4	2.52E-11
851.6	2.52E-11
851.8	2.52E-11
852.0	2.52E-11
852.2	2.53E-11
852.4	2.53E-11
852.6	2.54E-11
852.8	2.54E-11
853.0	2.55E-11
853.2	2.56E-11
853.4	2.57E-11
853.6	2.58E-11
853.8	2.59E-11
854.0	2.61E-11
854.2	2.62E-11
854.4	2.64E-11
854.6	2.66E-11
854.8	2.68E-11
855.0	2.70E-11
855.2	2.72E-11
855.4	2.74E-11
855.6	2.76E-11
855.8	2.79E-11
856.0	2.81E-11
856.2	2.84E-11
856.4	2.87E-11
856.6	2.90E-11
856.8	2.93E-11
857.0	2.96E-11
857.2	2.99E-11
857.4	3.03E-11
857.6	3.06E-11
857.8	3.10E-11
858.0	3.14E-11
858.2	3.18E-11
858.4	3.22E-11
858.6	3.26E-11
858.8	3.30E-11
859.0	3.35E-11
859.2	3.39E-11
859.4	3.44E-11
859.6	3.49E-11
859.8	3.54E-11
860.0	3.60E-11
860.2	3.64E-11
860.4	3.69E-11
860.6	3.74E-11
860.8	3.80E-11
861.0	3.85E-11
861.2	3.91E-11
861.4	3.96E-11
861.6	4.03E-11
861.8	4.09E-11
862.0	4.15E-11
862.2	4.22E-11
862.4	4.29E-11
862.6	4.36E-11
862.8	4.44E-11
863.0	4.52E-11
863.2	4.60E-11
863.4	4.68E-11
863.6	4.77E-11
863.8	4.87E-11
864.0	4.96E-11
864.2	5.06E-11
864.4	5.17E-11
864.6	5.28E-11
864.8	5.39E-11
865.0	5.51E-11
865.2	5.63E-11
865.4	5.76E-11
865.6	5.90E-11
865.8	6.04E-11
866.0	6.19E-11
866.2	6.34E-11
866.4	6.50E-11
866.6	6.67E-11
866.8	6.85E-11
867.0	7.04E-11
867.2	7.24E-11
867.4	7.44E-11
867.6	7.66E-11
867.8	7.89E-11
868.0	8.12E-11
868.2	8.38E-11
868.4	8.64E-11
868.6	8.92E-11
868.8	9.21E-11
869.0	9.52E-11
869.2	9.84E-11
869.4	1.02E-10
869.6	1.05E-10
869.8	1.09E-10
870.0	1.13E-10
870.2	1.18E-10
870.4	1.22E-10
870.6	1.27E-10
870.8	1.32E-10
871.0	1.37E-10
871.2	1.43E-10
871.4	1.49E-10
871.6	1.55E-10
871.8	1.62E-10
872.0	1.69E-10
872.2	1.76E-10
872.4	1.84E-10
872.6	1.93E-10
872.8	2.02E-10
873.0	2.12E-10
873.2	2.22E-10
873.4	2.33E-10
873.6	2.44E-10
873.8	2.57E-10
874.0	2.70E-10
874.2	2.84E-10
874.4	2.99E-10
874.6	3.16E-10
874.8	3.33E-10
875.0	3.52E-10
875.2	3.72E-10
875.4	3.93E-10
875.6	4.16E-10
875.8	4.40E-10
876.0	4.67E-10
876.2	4.95E-10
876.4	5.26E-10
876.6	5.59E-10
876.8	5.95E-10
877.0	6.33E-10
877.2	6.75E-10
877.4	7.20E-10
877.6	7.68E-10
877.8	8.21E-10
878.0	8.79E-10
878.2	9.41E-10
878.4	1.01E-09
878.6	1.08E-09
878.8	1.16E-09
879.0	1.25E-09
879.2	1.35E-09
879.4	1.45E-09
879.6	1.57E-09
879.8	1.69E-09
880.0	1.83E-09
880.2	1.99E-09
880.4	2.16E-09
880.6	2.34E-09
880.8	2.55E-09
881.0	2.79E-09
881.2	3.04E-09
881.4	3.33E-09
881.6	3.65E-09
881.8	4.02E-09
882.0	4.42E-09
882.2	4.88E-09
882.4	5.41E-09
882.6	6.00E-09
882.8	6.68E-09
883.0	7.45E-09
883.2	8.35E-09
883.4	9.38E-09
883.6	1.06E-08
883.8	1.20E-08
884.0	1.36E-08
884.2	1.56E-08
884.4	1.79E-08
884.6	2.07E-08
884.8	2.41E-08
885.0	2.83E-08
885.2	3.34E-08
885.4	3.98E-08
885.6	4.81E-08
885.8	5.87E-08
886.0	7.27E-08
886.2	9.17E-08
886.4	1.18E-07
886.6	1.56E-07
886.8	2.14E-07
887.0	3.07E-07
887.2	4.70E-07
887.4	7.97E-07
887.6	1.61E-06
887.8	4.76E-06
888.0	6.07E-05
888.2	2.57E-05
888.4	5.95E-06
888.6	1.30E-05
888.8	1.39E-04
889.0	5.74E-06
889.2	2.06E-06
889.4	1.14E-06
889.6	7.59E-07
889.8	5.59E-07
890.0	4.39E-07
890.2	3.61E-07
890.4	3.07E-07
890.6	2.68E-07
890.8	2.39E-07
891.0	2.16E-07
891.2	1.99E-07
891.4	1.86E-07
891.6	1.75E-07
891.8	1.67E-07
892.0	1.60E-07
892.2	1.55E-07
892.4	1.52E-07
892.6	1.49E-07
892.8	1.48E-07
893.0	1.48E-07
893.2	1.48E-07
893.4	1.50E-07
893.6	1.52E-07
893.8	1.56E-07
894.0	1.60E-07
894.2	1.66E-07
894.4	1.73E-07
894.6	1.81E-07
894.8	1.91E-07
895.0	2.03E-07
895.2	2.16E-07
895.4	2.33E-07
895.6	2.52E-07
895.8	2.76E-07
896.0	3.04E-07
896.2	3.39E-07
896.4	3.81E-07
896.6	4.34E-07
896.8	5.00E-07
897.0	5.86E-07
897.2	6.99E-07
897.4	8.51E-07
897.6	1.07E-06
897.8	1.38E-06
898.0	1.86E-06
898.2	2.68E-06
898.4	4.24E-06
898.6	7.87E-06
898.8	2.04E-05
899.0	1.56E-04
899.2	1.62E-04
899.4	3.37E-05
899.6	1.19E-04
899.8	1.44E-04
900.0	1.82E-05
900.2	7.28E-06
900.4	4.06E-06
900.6	2.65E-06
900.8	1.89E-06
901.0	1.43E-06
901.2	1.13E-06
901.4	9.23E-07
901.6	7.71E-07
901.8	6.58E-07
902.0	5.71E-07
902.2	5.02E-07
902.4	4.48E-07
902.6	4.03E-07
902.8	3.66E-07
903.0	3.36E-07
903.2	3.10E-07
903.4	2.88E-07
903.6	2.70E-07
903.8	2.54E-07
904.0	2.40E-07
904.2	2.29E-07
904.4	2.18E-07
904.6	2.10E-07
904.8	2.02E-07
905.0	1.95E-07
905.2	1.90E-07
905.4	1.85E-07
905.6	1.81E-07
905.8	1.77E-07
906.0	1.74E-07
906.2	1.72E-07
906.4	1.70E-07
906.6	1.69E-07
906.8	1.68E-07
907.0	1.67E-07
907.2	1.67E-07
907.4	1.67E-07
907.6	1.68E-07
907.8	1.69E-07
908.0	1.71E-07
908.2	1.73E-07
908.4	1.75E-07
908.6	1.78E-07
908.8	1.81E-07
909.0	1.84E-07
909.2	1.89E-07
909.4	1.93E-07
909.6	1.98E-07
909.8	2.04E-07
910.0	2.10E-07
910.2	2.17E-07
910.4	2.24E-07
910.6	2.32E-07
910.8	2.41E-07
911.0	2.51E-07
911.2	2.61E-07
911.4	2.73E-07
911.6	2.86E-07
911.8	3.00E-07
912.0	3.15E-07
912.2	3.32E-07
912.4	3.51E-07
912.6	3.72E-07
912.8	3.94E-07
913.0	4.20E-07
913.2	4.48E-07
913.4	4.79E-07
913.6	5.13E-07
913.8	5.52E-07
914.0	5.96E-07
914.2	6.45E-07
914.4	7.01E-07
914.6	7.65E-07
914.8	8.37E-07
915.0	9.21E-07
915.2	1.02E-06
915.4	1.13E-06
915.6	1.26E-06
915.8	1.42E-06
916.0	1.61E-06
916.2	1.83E-06
916.4	2.10E-06
916.6	2.44E-06
916.8	2.86E-06
917.0	3.40E-06
917.2	4.09E-06
917.4	5.00E-06
917.6	6.22E-06
917.8	7.89E-06
918.0	1.02E-05
918.2	1.34E-05
918.4	1.77E-05
918.6	2.29E-05
918.8	2.78E-05
919.0	3.07E-05
919.2	3.14E-05
919.4	3.11E-05
919.6	2.99E-05
919.8	2.67E-05
920.0	2.20E-05
920.2	1.73E-05
920.4	1.34E-05
920.6	1.05E-05
920.8	8.39E-06
921.0	6.83E-06
921.2	5.67E-06
921.4	4.78E-06
921.6	4.10E-06
921.8	3.56E-06
922.0	3.13E-06
922.2	2.77E-06
922.4	2.49E-06
922.6	2.24E-06
922.8	2.04E-06
923.0	1.87E-06
923.2	1.73E-06
923.4	1.60E-06
923.6	1.49E-06
923.8	1.40E-06
924.0	1.31E-06
924.2	1.24E-06
924.4	1.18E-06
924.6	1.12E-06
924.8	1.07E-06
925.0	1.02E-06
925.2	9.84E-07
925.4	9.49E-07
925.6	9.18E-07
925.8	8.90E-07
926.0	8.65E-07
926.2	8.43E-07
926.4	8.24E-07
926.6	8.07E-07
926.8	7.92E-07
927.0	7.80E-07
927.2	7.69E-07
927.4	7.60E-07
927.6	7.53E-07
927.8	7.47E-07
928.0	7.43E-07
928.2	7.41E-07
928.4	7.39E-07
928.6	7.40E-07
928.8	7.41E-07
929.0	7.44E-07
929.2	7.49E-07
929.4	7.55E-07
929.6	7.62E-07
929.8	7.71E-07
930.0	7.81E-07
930.2	7.93E-07
930.4	8.06E-07
930.6	8.21E-07
930.8	8.38E-07
931.0	8.56E-07
931.2	8.77E-07
931.4	9.00E-07
931.6	9.24E-07
931.8	9.52E-07
932.0	9.81E-07
932.2	1.01E-06
932.4	1.05E-06
932.6	1.09E-06
932.8	1.13E-06
933.0	1.18E-06
933.2	1.23E-06
933.4	1.28E-06
933.6	1.34E-06
933.8	1.41E-06
934.0	1.48E-06
934.2	1.56E-06
934.4	1.65E-06
934.6	1.74E-06
934.8	1.85E-06
935.0	1.96E-06
935.2	2.09E-06
935.4	2.24E-06
935.6	2.40E-06
935.8	2.57E-06
936.0	2.77E-06
936.2	3.00E-06
936.4	3.25E-06
936.6	3.54E-06
936.8	3.87E-06
937.0	4.25E-06
937.2	4.68E-06
937.4	5.19E-06
937.6	5.78E-06
937.8	6.47E-06
938.0	7.29E-06
938.2	8.28E-06
938.4	9.48E-06
938.6	1.09E-05
938.8	1.28E-05
939.0	1.51E-05
939.2	1.81E-05
939.4	2.20E-05
939.6	2.73E-05
939.8	3.47E-05
940.0	4.55E-05
940.2	6.20E-05
940.4	8.87E-05
940.6	1.35E-04
940.8	2.20E-04
941.0	3.62E-04
941.2	4.88E-04
941.4	4.70E-04
941.6	4.63E-04
941.8	4.75E-04
942.0	3.53E-04
942.2	2.18E-04
942.4	1.38E-04
942.6	9.33E-05
942.8	6.73E-05
943.0	5.10E-05
943.2	4.01E-05
943.4	3.24E-05
943.6	2.69E-05
943.8	2.27E-05
944.0	1.95E-05
944.2	1.70E-05
944.4	1.50E-05
944.6	1.33E-05
944.8	1.19E-05
945.0	1.08E-05
945.2	9.85E-06
945.4	9.04E-06
945.6	8.34E-06
945.8	7.74E-06
946.0	7.22E-06
946.2	6.76E-06
946.4	6.36E-06
946.6	6.01E-06
946.8	5.69E-06
947.0	5.42E-06
947.2	5.17E-06
947.4	4.95E-06
947.6	4.76E-06
947.8	4.59E-06
948.0	4.43E-06
948.2	4.29E-06
948.4	4.17E-06
948.6	4.06E-06
948.8	3.97E-06
949.0	3.88E-06
949.2	3.81E-06
949.4	3.74E-06
949.6	3.69E-06
949.8	3.65E-06
950.0	3.61E-06
950.2	3.58E-06
950.4	3.56E-06
950.6	3.55E-06
950.8	3.54E-06
951.0	3.55E-06
951.2	3.56E-06
951.4	3.57E-06
951.6	3.60E-06
951.8	3.63E-06
952.0	3.67E-06
952.2	3.72E-06
952.4	3.78E-06
952.6	3.85E-06
952.8	3.93E-06
953.0	4.02E-06
953.2	4.12E-06
953.4	4.23E-06
953.6	4.35E-06
953.8	4.49E-06
954.0	4.65E-06
954.2	4.82E-06
954.4	5.01E-06
954.6	5.22E-06
954.8	5.46E-06
955.0	5.72E-06
955.2	6.01E-06
955.4	6.33E-06
955.6	6.69E-06
955.8	7.10E-06
956.0	7.55E-06
956.2	8.07E-06
956.4	8.64E-06
956.6	9.29E-06
956.8	1.00E-05
957.0	1.09E-05
957.2	1.19E-05
957.4	1.30E-05
957.6	1.43E-05
957.8	1.58E-05
958.0	1.76E-05
958.2	1.96E-05
958.4	2.21E-05
958.6	2.51E-05
958.8	2.88E-05
959.0	3.33E-05
959.2	3.88E-05
959.4	4.58E-05
959.6	5.47E-05
959.8	6.63E-05
960.0	8.15E-05
960.2	1.02E-04
960.4	1.29E-04
960.6	1.67E-04
960.8	2.17E-04
961.0	2.82E-04
961.2	3.55E-04
961.4	4.21E-04
961.6	4.64E-04
961.8	4.75E-04
962.0	4.54E-04
962.2	4.02E-04
962.4	3.36E-04
962.6	2.71E-04
962.8	2.17E-04
963.0	1.75E-04
963.2	1.44E-04
963.4	1.20E-04
963.6	1.02E-04
963.8	8.79E-05
964.0	7.68E-05
964.2	6.79E-05
964.4	6.08E-05
964.6	5.49E-05
964.8	5.00E-05
965.0	4.59E-05
965.2	4.25E-05
965.4	3.96E-05
965.6	3.70E-05
965.8	3.49E-05
966.0	3.30E-05
966.2	3.13E-05
966.4	2.99E-05
966.6	2.86E-05
966.8	2.75E-05
967.0	2.65E-05
967.2	2.56E-05
967.4	2.48E-05
967.6	2.41E-05
967.8	2.34E-05
968.0	2.28E-05
968.2	2.23E-05
968.4	2.18E-05
968.6	2.13E-05
968.8	2.09E-05
969.0	2.05E-05
969.2	2.01E-05
969.4	1.98E-05
969.6	1.94E-05
969.8	1.91E-05
970.0	1.87E-05
970.2	1.84E-05
970.4	1.81E-05
970.6	1.78E-05
970.8	1.75E-05
971.0	1.72E-05
971.2	1.68E-05
971.4	1.65E-05
971.6	1.62E-05
971.8	1.59E-05
972.0	1.56E-05
972.2	1.53E-05
972.4	1.49E-05
972.6	1.46E-05
972.8	1.43E-05
973.0	1.40E-05
973.2	1.37E-05
973.4	1.34E-05
973.6	1.31E-05
973.8	1.28E-05
974.0	1.25E-05
974.2	1.23E-05
974.4	1.20E-05
974.6	1.18E-05
974.8	1.15E-05
975.0	1.13E-05
975.2	1.11E-05
975.4	1.08E-05
975.6	1.06E-05
975.8	1.04E-05
976.0	1.03E-05
976.2	1.01E-05
976.4	9.93E-06
976.6	9.78E-06
976.8	9.65E-06
977.0	9.52E-06
977.2	9.41E-06
977.4	9.30E-06
977.6	9.21E-06
977.8	9.13E-06
978.0	9.05E-06
978.2	8.99E-06
978.4	8.94E-06
978.6	8.90E-06
978.8	8.87E-06
979.0	8.85E-06
979.2	8.85E-06
979.4	8.85E-06
979.6	8.86E-06
979.8	8.89E-06
980.0	8.93E-06
980.2	8.98E-06
980.4	9.04E-06
980.6	9.11E-06
980.8	9.19E-06
981.0	9.29E-06
981.2	9.40E-06
981.4	9.53E-06
981.6	9.67E-06
981.8	9.82E-06
982.0	9.99E-06
982.2	1.02E-05
982.4	1.04E-05
982.6	1.06E-05
982.8	1.09E-05
983.0	1.11E-05
983.2	1.14E-05
983.4	1.17E-05
983.6	1.20E-05
983.8	1.24E-05
984.0	1.28E-05
984.2	1.32E-05
984.4	1.37E-05
984.6	1.41E-05
984.8	1.47E-05
985.0	1.52E-05
985.2	1.58E-05
985.4	1.65E-05
985.6	1.72E-05
985.8	1.80E-05
986.0	1.88E-05
986.2	1.97E-05
986.4	2.06E-05
986.6	2.16E-05
986.8	2.28E-05
987.0	2.40E-05
987.2	2.53E-05
987.4	2.67E-05
987.6	2.82E-05
987.8	2.98E-05
988.0	3.16E-05
988.2	3.35E-05
988.4	3.56E-05
988.6	3.78E-05
988.8	4.03E-05
989.0	4.29E-05
989.2	4.58E-05
989.4	4.89E-05
989.6	5.22E-05
989.8	5.58E-05
990.0	5.98E-05
990.2	6.40E-05
990.4	6.86E-05
990.6	7.35E-05
990.8	7.89E-05
991.0	8.46E-05
991.2	9.08E-05
991.4	9.74E-05
991.6	1.05E-04
991.8	1.12E-04
992.0	1.20E-04
992.2	1.29E-04
992.4	1.38E-04
992.6	1.48E-04
992.8	1.58E-04
993.0	1.69E-04
993.2	1.81E-04
993.4	1.93E-04
993.6	2.06E-04
993.8	2.20E-04
994.0	2.34E-04
994.2	2.49E-04
994.4	2.65E-04
994.6	2.81E-04
994.8	2.99E-04
995.0	3.17E-04
995.2	3.37E-04
995.4	3.57E-04
995.6	3.79E-04
995.8	4.02E-04
996.0	4.27E-04
996.2	4.54E-04
996.4	4.82E-04
996.6	5.13E-04
996.8	5.46E-04
997.0	5.81E-04
997.2	6.20E-04
997.4	6.62E-04
997.6	7.08E-04
997.8	7.58E-04
998.0	8.12E-04
998.2	8.71E-04
998.4	9.35E-04
998.6	1.00E-03
998.8	1.08E-03
999.0	1.16E-03
999.2	1.24E-03
999.4	1.32E-03
999.6	1.40E-03
999.8	1.49E-03
1000.0	1.56E-03
	
	
	
