 
350.0	7.45E-10	   
350.2	7.84E-10	   
350.4	8.50E-10	   
350.6	9.39E-10	   
350.8	1.05E-09	   
351.0	1.16E-09	   
351.2	1.28E-09	   
351.4	1.40E-09	   
351.6	1.55E-09	   
351.8	1.76E-09	   
352.0	2.05E-09	   
352.2	2.43E-09	   
352.4	2.92E-09	   
352.6	3.47E-09	   
352.8	4.04E-09	   
353.0	4.61E-09	   
353.2	5.16E-09	   
353.4	5.66E-09	   
353.6	6.01E-09	   
353.8	6.10E-09	   
354.0	5.98E-09	   
354.2	5.76E-09	   
354.4	5.56E-09	   
354.6	5.33E-09	   
354.8	4.93E-09	   
355.0	4.30E-09	   
355.2	3.18E-09	   
355.4	2.39E-09	   
355.6	1.96E-09	   
355.8	1.82E-09	   
356.0	1.94E-09	   
356.2	2.38E-09	   
356.4	3.36E-09	   
356.6	5.38E-09	   
356.8	9.08E-09	   
357.0	1.40E-08	   
357.2	1.79E-08	   
357.4	2.10E-08	   
357.6	2.64E-08	   
357.8	3.78E-08	   
358.0	6.14E-08	   
358.2	1.00E-07	   
358.4	1.38E-07	   
358.6	1.55E-07	   
358.8	1.62E-07	   
359.0	1.71E-07	   
359.2	1.57E-07	   
359.4	1.04E-07	   
359.6	5.88E-08	   
359.8	3.51E-08	   
360.0	2.39E-08	   
360.2	1.83E-08	   
360.4	1.59E-08	   
360.6	1.56E-08	   
360.8	1.75E-08	   
361.0	2.25E-08	   
361.2	3.14E-08	   
361.4	3.41E-08	   
361.6	2.04E-08	   
361.8	1.02E-08	   
362.0	5.82E-09	   
362.2	3.97E-09	   
362.4	3.22E-09	   
362.6	3.08E-09	   
362.8	3.47E-09	   
363.0	4.67E-09	   
363.2	7.71E-09	   
363.4	1.59E-08	   
363.6	3.22E-08	   
363.8	2.80E-08	   
364.0	1.55E-08	   
364.2	1.01E-08	   
364.4	8.17E-09	   
364.6	7.98E-09	   
364.8	9.34E-09	   
365.0	1.34E-08	   
365.2	2.26E-08	   
365.4	4.83E-08	   
365.6	9.41E-08	   
365.8	6.34E-08	   
366.0	3.08E-08	   
366.2	1.88E-08	   
366.4	1.43E-08	   
366.6	1.31E-08	   
366.8	1.41E-08	   
367.0	1.75E-08	   
367.2	2.56E-08	   
367.4	4.47E-08	   
367.6	9.81E-08	   
367.8	2.92E-07	   
368.0	9.05E-07	   
368.2	7.16E-07	   
368.4	3.91E-07	   
368.6	2.88E-07	   
368.8	2.70E-07	   
369.0	3.01E-07	   
369.2	3.87E-07	   
369.4	5.73E-07	   
369.6	9.84E-07	   
369.8	2.03E-06	   
370.0	5.46E-06	   
370.2	2.33E-05	   
370.4	1.24E-04	   
370.6	1.02E-04	   
370.8	8.82E-05	   
371.0	1.55E-04	   
371.2	2.49E-04	   
371.4	1.05E-04	   
371.6	4.59E-05	   
371.8	3.09E-05	   
372.0	2.90E-05	   
372.2	3.64E-05	   
372.4	6.26E-05	   
372.6	1.65E-04	   
372.8	8.31E-04	   
373.0	8.09E-04	   
373.2	2.96E-04	   
373.4	2.16E-04	   
373.6	2.64E-04	   
373.8	4.57E-04	   
374.0	4.27E-04	   
374.2	1.71E-04	   
374.4	8.40E-05	   
374.6	5.88E-05	   
374.8	5.72E-05	   
375.0	8.03E-05	   
375.2	1.85E-04	   
375.4	9.31E-04	   
375.6	2.76E-04	   
375.8	7.30E-05	   
376.0	3.60E-05	   
376.2	2.50E-05	   
376.4	2.21E-05	   
376.6	2.40E-05	   
376.8	3.20E-05	   
377.0	5.34E-05	   
377.2	1.18E-04	   
377.4	3.58E-04	   
377.6	7.56E-04	   
377.8	5.43E-04	   
378.0	4.60E-04	   
378.2	6.63E-04	   
378.4	1.05E-03	   
378.6	3.81E-04	   
378.8	1.22E-04	   
379.0	5.71E-05	   
379.2	3.57E-05	   
379.4	2.78E-05	   
379.6	2.62E-05	   
379.8	3.01E-05	   
380.0	4.31E-05	   
380.2	8.08E-05	   
380.4	2.48E-04	   
380.6	1.39E-03	   
380.8	3.40E-04	   
381.0	1.10E-04	   
381.2	6.10E-05	   
381.4	4.60E-05	   
381.6	4.30E-05	   
381.8	4.85E-05	   
382.0	6.60E-05	   
382.2	1.10E-04	   
382.4	2.19E-04	   
382.6	3.64E-04	   
382.8	2.97E-04	   
383.0	2.00E-04	   
383.2	1.70E-04	   
383.4	1.99E-04	   
383.6	3.36E-04	   
383.8	5.30E-04	   
384.0	2.20E-04	   
384.2	7.67E-05	   
384.4	3.65E-05	   
384.6	2.21E-05	   
384.8	1.61E-05	   
385.0	1.36E-05	   
385.2	1.33E-05	   
385.4	1.49E-05	   
385.6	1.97E-05	   
385.8	3.20E-05	   
386.0	7.25E-05	   
386.2	3.20E-04	   
386.4	6.60E-04	   
386.6	1.21E-04	   
386.8	5.01E-05	   
387.0	3.15E-05	   
387.2	2.55E-05	   
387.4	2.52E-05	   
387.6	2.97E-05	   
387.8	4.17E-05	   
388.0	6.79E-05	   
388.2	1.10E-04	   
388.4	1.23E-04	   
388.6	9.58E-05	   
388.8	7.64E-05	   
389.0	7.45E-05	   
389.2	9.45E-05	   
389.4	1.65E-04	   
389.6	3.34E-04	   
389.8	2.25E-04	   
390.0	8.34E-05	   
390.2	4.14E-05	   
390.4	2.58E-05	   
390.6	1.90E-05	   
390.8	1.60E-05	   
391.0	1.53E-05	   
391.2	1.64E-05	   
391.4	2.00E-05	   
391.6	2.88E-05	   
391.8	5.32E-05	   
392.0	1.49E-04	   
392.2	4.31E-04	   
392.4	1.30E-04	   
392.6	4.54E-05	   
392.8	2.41E-05	   
393.0	1.66E-05	   
393.2	1.38E-05	   
393.4	1.35E-05	   
393.6	1.54E-05	   
393.8	2.05E-05	   
394.0	3.19E-05	   
394.2	5.27E-05	   
394.4	6.56E-05	   
394.6	5.01E-05	   
394.8	3.38E-05	   
395.0	2.59E-05	   
395.2	2.34E-05	   
395.4	2.49E-05	   
395.6	3.04E-05	   
395.8	3.82E-05	   
396.0	3.82E-05	   
396.2	2.67E-05	   
396.4	1.63E-05	   
396.6	1.05E-05	   
396.8	7.53E-06	   
397.0	6.03E-06	   
397.2	5.38E-06	   
397.4	5.33E-06	   
397.6	5.93E-06	   
397.8	7.50E-06	   
398.0	1.12E-05	   
398.2	2.16E-05	   
398.4	6.33E-05	   
398.6	2.49E-04	   
398.8	8.24E-05	   
399.0	2.83E-05	   
399.2	1.56E-05	   
399.4	1.13E-05	   
399.6	9.93E-06	   
399.8	1.03E-05	   
400.0	1.23E-05	   
400.2	1.68E-05	   
400.4	2.62E-05	   
400.6	4.48E-05	   
400.8	7.12E-05	   
401.0	8.11E-05	   
401.2	6.95E-05	   
401.4	5.88E-05	   
401.6	5.54E-05	   
401.8	5.91E-05	   
402.0	7.00E-05	   
402.2	8.70E-05	   
402.4	1.00E-04	   
402.6	9.27E-05	   
402.8	6.77E-05	   
403.0	4.50E-05	   
403.2	3.05E-05	   
403.4	2.23E-05	   
403.6	1.80E-05	   
403.8	1.62E-05	   
404.0	1.67E-05	   
404.2	2.03E-05	   
404.4	2.97E-05	   
404.6	5.06E-05	   
404.8	5.83E-05	   
405.0	2.97E-05	   
405.2	1.39E-05	   
405.4	7.87E-06	   
405.6	5.42E-06	   
405.8	4.42E-06	   
406.0	4.25E-06	   
406.2	4.89E-06	   
406.4	6.96E-06	   
406.6	1.19E-05	   
406.8	1.31E-05	   
407.0	5.33E-06	   
407.2	2.04E-06	   
407.4	9.50E-07	   
407.6	5.20E-07	   
407.8	3.21E-07	   
408.0	2.17E-07	   
408.2	1.58E-07	   
408.4	1.22E-07	   
408.6	9.88E-08	   
408.8	8.38E-08	   
409.0	7.36E-08	   
409.2	6.64E-08	   
409.4	6.08E-08	   
409.6	5.58E-08	   
409.8	5.09E-08	   
410.0	4.56E-08	   
410.2	4.02E-08	   
410.4	3.50E-08	   
410.6	3.03E-08	   
410.8	2.64E-08	   
411.0	2.34E-08	   
411.2	2.13E-08	   
411.4	1.99E-08	   
411.6	1.91E-08	   
411.8	1.91E-08	   
412.0	1.98E-08	   
412.2	2.13E-08	   
412.4	2.38E-08	   
412.6	2.77E-08	   
412.8	3.36E-08	   
413.0	4.26E-08	   
413.2	5.65E-08	   
413.4	7.88E-08	   
413.6	1.16E-07	   
413.8	1.81E-07	   
414.0	3.01E-07	   
414.2	5.41E-07	   
414.4	1.07E-06	   
414.6	2.38E-06	   
414.8	6.33E-06	   
415.0	2.25E-05	   
415.2	1.39E-04	   
415.4	3.16E-04	   
415.6	1.05E-04	   
415.8	6.07E-05	   
416.0	4.79E-05	   
416.2	4.41E-05	   
416.4	4.41E-05	   
416.6	4.60E-05	   
416.8	4.93E-05	   
417.0	5.38E-05	   
417.2	6.04E-05	   
417.4	7.03E-05	   
417.6	8.67E-05	   
417.8	1.16E-04	   
418.0	1.66E-04	   
418.2	2.30E-04	   
418.4	2.14E-04	   
418.6	1.23E-04	   
418.8	6.32E-05	   
419.0	3.51E-05	   
419.2	2.17E-05	   
419.4	1.48E-05	   
419.6	1.10E-05	   
419.8	8.88E-06	   
420.0	7.75E-06	   
420.2	7.31E-06	   
420.4	7.45E-06	   
420.6	8.29E-06	   
420.8	1.02E-05	   
421.0	1.40E-05	   
421.2	2.18E-05	   
421.4	3.53E-05	   
421.6	4.19E-05	   
421.8	2.80E-05	   
422.0	1.57E-05	   
422.2	9.56E-06	   
422.4	6.58E-06	   
422.6	5.04E-06	   
422.8	4.22E-06	   
423.0	3.83E-06	   
423.2	3.72E-06	   
423.4	3.84E-06	   
423.6	4.20E-06	   
423.8	4.84E-06	   
424.0	5.81E-06	   
424.2	7.19E-06	   
424.4	8.96E-06	   
424.6	1.09E-05	   
424.8	1.25E-05	   
425.0	1.32E-05	   
425.2	1.28E-05	   
425.4	1.17E-05	   
425.6	1.04E-05	   
425.8	9.11E-06	   
426.0	8.04E-06	   
426.2	7.20E-06	   
426.4	6.56E-06	   
426.6	6.13E-06	   
426.8	5.88E-06	   
427.0	5.82E-06	   
427.2	5.95E-06	   
427.4	6.30E-06	   
427.6	6.95E-06	   
427.8	7.99E-06	   
428.0	9.63E-06	   
428.2	1.22E-05	   
428.4	1.65E-05	   
428.6	2.39E-05	   
428.8	3.76E-05	   
429.0	6.54E-05	   
429.2	1.25E-04	   
429.4	2.38E-04	   
429.6	3.14E-04	   
429.8	2.50E-04	   
430.0	1.75E-04	   
430.2	1.34E-04	   
430.4	1.15E-04	   
430.6	1.08E-04	   
430.8	1.11E-04	   
431.0	1.22E-04	   
431.2	1.38E-04	   
431.4	1.58E-04	   
431.6	1.74E-04	   
431.8	1.81E-04	   
432.0	1.77E-04	   
432.2	1.67E-04	   
432.4	1.59E-04	   
432.6	1.57E-04	   
432.8	1.63E-04	   
433.0	1.77E-04	   
433.2	1.95E-04	   
433.4	2.03E-04	   
433.6	1.78E-04	   
433.8	1.29E-04	   
434.0	8.50E-05	   
434.2	5.53E-05	   
434.4	3.73E-05	   
434.6	2.65E-05	   
434.8	1.99E-05	   
435.0	1.57E-05	   
435.2	1.30E-05	   
435.4	1.13E-05	   
435.6	1.02E-05	   
435.8	9.64E-06	   
436.0	9.49E-06	   
436.2	9.74E-06	   
436.4	1.04E-05	   
436.6	1.16E-05	   
436.8	1.34E-05	   
437.0	1.61E-05	   
437.2	1.98E-05	   
437.4	2.44E-05	   
437.6	2.89E-05	   
437.8	3.12E-05	   
438.0	3.00E-05	   
438.2	2.63E-05	   
438.4	2.19E-05	   
438.6	1.81E-05	   
438.8	1.53E-05	   
439.0	1.33E-05	   
439.2	1.20E-05	   
439.4	1.12E-05	   
439.6	1.09E-05	   
439.8	1.09E-05	   
440.0	1.15E-05	   
440.2	1.24E-05	   
440.4	1.41E-05	   
440.6	1.67E-05	   
440.8	2.07E-05	   
441.0	2.73E-05	   
441.2	3.85E-05	   
441.4	5.90E-05	   
441.6	1.00E-04	   
441.8	1.93E-04	   
442.0	4.07E-04	   
442.2	7.19E-04	   
442.4	7.11E-04	   
442.6	5.34E-04	   
442.8	4.44E-04	   
443.0	4.50E-04	   
443.2	5.49E-04	   
443.4	6.57E-04	   
443.6	5.78E-04	   
443.8	4.13E-04	   
444.0	1.99E-04	   
444.2	9.24E-05	   
444.4	4.88E-05	   
444.6	2.90E-05	   
444.8	1.90E-05	   
445.0	1.34E-05	   
445.2	9.96E-06	   
445.4	7.78E-06	   
445.6	6.32E-06	   
445.8	5.30E-06	   
446.0	4.57E-06	   
446.2	4.04E-06	   
446.4	3.65E-06	   
446.6	3.37E-06	   
446.8	3.17E-06	   
447.0	3.05E-06	   
447.2	2.99E-06	   
447.4	2.99E-06	   
447.6	3.05E-06	   
447.8	3.17E-06	   
448.0	3.33E-06	   
448.2	3.52E-06	   
448.4	3.69E-06	   
448.6	3.79E-06	   
448.8	3.74E-06	   
449.0	3.52E-06	   
449.2	3.15E-06	   
449.4	2.73E-06	   
449.6	2.31E-06	   
449.8	1.95E-06	   
450.0	1.66E-06	   
450.2	1.43E-06	   
450.4	1.26E-06	   
450.6	1.13E-06	   
450.8	1.03E-06	   
451.0	9.65E-07	   
451.2	9.15E-07	   
451.4	8.77E-07	   
451.6	8.44E-07	   
451.8	8.12E-07	   
452.0	7.75E-07	   
452.2	7.31E-07	   
452.4	6.81E-07	   
452.6	6.27E-07	   
452.8	5.74E-07	   
453.0	5.26E-07	   
453.2	4.87E-07	   
453.4	4.58E-07	   
453.6	4.40E-07	   
453.8	4.34E-07	   
454.0	4.41E-07	   
454.2	4.63E-07	   
454.4	5.03E-07	   
454.6	5.65E-07	   
454.8	6.54E-07	   
455.0	7.72E-07	   
455.2	9.08E-07	   
455.4	1.03E-06	   
455.6	1.08E-06	   
455.8	1.03E-06	   
456.0	9.12E-07	   
456.2	7.74E-07	   
456.4	6.54E-07	   
456.6	5.63E-07	   
456.8	4.98E-07	   
457.0	4.55E-07	   
457.2	4.29E-07	   
457.4	4.16E-07	   
457.6	4.11E-07	   
457.8	4.12E-07	   
458.0	4.15E-07	   
458.2	4.14E-07	   
458.4	4.06E-07	   
458.6	3.91E-07	   
458.8	3.69E-07	   
459.0	3.43E-07	   
459.2	3.17E-07	   
459.4	2.92E-07	   
459.6	2.72E-07	   
459.8	2.56E-07	   
460.0	2.44E-07	   
460.2	2.36E-07	   
460.4	2.32E-07	   
460.6	2.30E-07	   
460.8	2.30E-07	   
461.0	2.32E-07	   
461.2	2.34E-07	   
461.4	2.35E-07	   
461.6	2.35E-07	   
461.8	2.32E-07	   
462.0	2.26E-07	   
462.2	2.17E-07	   
462.4	2.07E-07	   
462.6	1.96E-07	   
462.8	1.86E-07	   
463.0	1.76E-07	   
463.2	1.70E-07	   
463.4	1.66E-07	   
463.6	1.65E-07	   
463.8	1.69E-07	   
464.0	1.79E-07	   
464.2	1.96E-07	   
464.4	2.25E-07	   
464.6	2.73E-07	   
464.8	3.53E-07	   
465.0	4.95E-07	   
465.2	7.67E-07	   
465.4	1.31E-06	   
465.6	2.15E-06	   
465.8	2.19E-06	   
466.0	1.32E-06	   
466.2	7.39E-07	   
466.4	4.53E-07	   
466.6	3.08E-07	   
466.8	2.28E-07	   
467.0	1.80E-07	   
467.2	1.51E-07	   
467.4	1.33E-07	   
467.6	1.22E-07	   
467.8	1.16E-07	   
468.0	1.15E-07	   
468.2	1.16E-07	   
468.4	1.21E-07	   
468.6	1.29E-07	   
468.8	1.41E-07	   
469.0	1.56E-07	   
469.2	1.76E-07	   
469.4	2.02E-07	   
469.6	2.33E-07	   
469.8	2.73E-07	   
470.0	3.22E-07	   
470.2	3.84E-07	   
470.4	4.65E-07	   
470.6	5.70E-07	   
470.8	7.09E-07	   
471.0	8.87E-07	   
471.2	1.10E-06	   
471.4	1.31E-06	   
471.6	1.45E-06	   
471.8	1.43E-06	   
472.0	1.29E-06	   
472.2	1.09E-06	   
472.4	9.04E-07	   
472.6	7.57E-07	   
472.8	6.48E-07	   
473.0	5.70E-07	   
473.2	5.17E-07	   
473.4	4.83E-07	   
473.6	4.64E-07	   
473.8	4.57E-07	   
474.0	4.62E-07	   
474.2	4.77E-07	   
474.4	5.02E-07	   
474.6	5.39E-07	   
474.8	5.88E-07	   
475.0	6.53E-07	   
475.2	7.38E-07	   
475.4	8.49E-07	   
475.6	9.95E-07	   
475.8	1.19E-06	   
476.0	1.46E-06	   
476.2	1.83E-06	   
476.4	2.35E-06	   
476.6	3.08E-06	   
476.8	4.05E-06	   
477.0	5.23E-06	   
477.2	6.37E-06	   
477.4	7.06E-06	   
477.6	7.06E-06	   
477.8	6.57E-06	   
478.0	5.96E-06	   
478.2	5.43E-06	   
478.4	5.07E-06	   
478.6	4.91E-06	   
478.8	4.94E-06	   
479.0	5.16E-06	   
479.2	5.61E-06	   
479.4	6.33E-06	   
479.6	7.41E-06	   
479.8	8.97E-06	   
480.0	1.12E-05	   
480.2	1.42E-05	   
480.4	1.83E-05	   
480.6	2.39E-05	   
480.8	3.14E-05	   
481.0	4.09E-05	   
481.2	5.29E-05	   
481.4	6.74E-05	   
481.6	8.40E-05	   
481.8	1.01E-04	   
482.0	1.14E-04	   
482.2	1.21E-04	   
482.4	1.20E-04	   
482.6	1.14E-04	   
482.8	1.09E-04	   
483.0	1.06E-04	   
483.2	1.09E-04	   
483.4	1.20E-04	   
483.6	1.46E-04	   
483.8	1.99E-04	   
484.0	3.04E-04	   
484.2	4.51E-04	   
484.4	5.04E-04	   
484.6	3.36E-04	   
484.8	1.65E-04	   
485.0	8.90E-05	   
485.2	5.52E-05	   
485.4	3.83E-05	   
485.6	2.90E-05	   
485.8	2.37E-05	   
486.0	2.05E-05	   
486.2	1.88E-05	   
486.4	1.81E-05	   
486.6	1.83E-05	   
486.8	1.94E-05	   
487.0	2.14E-05	   
487.2	2.48E-05	   
487.4	3.00E-05	   
487.6	3.81E-05	   
487.8	5.06E-05	   
488.0	7.04E-05	   
488.2	1.02E-04	   
488.4	1.50E-04	   
488.6	2.14E-04	   
488.8	2.72E-04	   
489.0	2.89E-04	   
489.2	2.63E-04	   
489.4	2.21E-04	   
489.6	1.83E-04	   
489.8	1.54E-04	   
490.0	1.33E-04	   
490.2	1.18E-04	   
490.4	1.07E-04	   
490.6	1.00E-04	   
490.8	9.59E-05	   
491.0	9.31E-05	   
491.2	9.11E-05	   
491.4	8.90E-05	   
491.6	8.56E-05	   
491.8	8.04E-05	   
492.0	7.33E-05	   
492.2	6.53E-05	   
492.4	5.73E-05	   
492.6	5.03E-05	   
492.8	4.47E-05	   
493.0	4.04E-05	   
493.2	3.76E-05	   
493.4	3.59E-05	   
493.6	3.51E-05	   
493.8	3.52E-05	   
494.0	3.56E-05	   
494.2	3.58E-05	   
494.4	3.52E-05	   
494.6	3.33E-05	   
494.8	3.00E-05	   
495.0	2.61E-05	   
495.2	2.22E-05	   
495.4	1.88E-05	   
495.6	1.62E-05	   
495.8	1.42E-05	   
496.0	1.29E-05	   
496.2	1.22E-05	   
496.4	1.20E-05	   
496.6	1.22E-05	   
496.8	1.31E-05	   
497.0	1.46E-05	   
497.2	1.71E-05	   
497.4	2.10E-05	   
497.6	2.67E-05	   
497.8	3.44E-05	   
498.0	4.25E-05	   
498.2	4.70E-05	   
498.4	4.48E-05	   
498.6	3.81E-05	   
498.8	3.11E-05	   
499.0	2.58E-05	   
499.2	2.22E-05	   
499.4	2.02E-05	   
499.6	1.95E-05	   
499.8	1.99E-05	   
500.0	2.17E-05	   
500.2	2.53E-05	   
500.4	3.16E-05	   
500.6	4.27E-05	   
500.8	6.19E-05	   
501.0	9.21E-05	   
501.2	1.21E-04	   
501.4	1.17E-04	   
501.6	8.52E-05	   
501.8	5.78E-05	   
502.0	4.11E-05	   
502.2	3.14E-05	   
502.4	2.57E-05	   
502.6	2.25E-05	   
502.8	2.09E-05	   
503.0	2.04E-05	   
503.2	2.08E-05	   
503.4	2.21E-05	   
503.6	2.45E-05	   
503.8	2.79E-05	   
504.0	3.27E-05	   
504.2	3.89E-05	   
504.4	4.66E-05	   
504.6	5.54E-05	   
504.8	6.40E-05	   
505.0	7.03E-05	   
505.2	7.18E-05	   
505.4	6.74E-05	   
505.6	5.82E-05	   
505.8	4.72E-05	   
506.0	3.69E-05	   
506.2	2.85E-05	   
506.4	2.20E-05	   
506.6	1.73E-05	   
506.8	1.39E-05	   
507.0	1.14E-05	   
507.2	9.60E-06	   
507.4	8.23E-06	   
507.6	7.16E-06	   
507.8	6.29E-06	   
508.0	5.54E-06	   
508.2	4.86E-06	   
508.4	4.22E-06	   
508.6	3.63E-06	   
508.8	3.08E-06	   
509.0	2.59E-06	   
509.2	2.17E-06	   
509.4	1.83E-06	   
509.6	1.55E-06	   
509.8	1.34E-06	   
510.0	1.17E-06	   
510.2	1.05E-06	   
510.4	9.60E-07	   
510.6	8.99E-07	   
510.8	8.63E-07	   
511.0	8.51E-07	   
511.2	8.62E-07	   
511.4	8.99E-07	   
511.6	9.67E-07	   
511.8	1.07E-06	   
512.0	1.24E-06	   
512.2	1.48E-06	   
512.4	1.83E-06	   
512.6	2.36E-06	   
512.8	3.14E-06	   
513.0	4.20E-06	   
513.2	5.38E-06	   
513.4	6.14E-06	   
513.6	5.95E-06	   
513.8	5.07E-06	   
514.0	4.10E-06	   
514.2	3.32E-06	   
514.4	2.77E-06	   
514.6	2.41E-06	   
514.8	2.18E-06	   
515.0	2.06E-06	   
515.2	2.02E-06	   
515.4	2.07E-06	   
515.6	2.20E-06	   
515.8	2.43E-06	   
516.0	2.78E-06	   
516.2	3.33E-06	   
516.4	4.14E-06	   
516.6	5.39E-06	   
516.8	7.36E-06	   
517.0	1.05E-05	   
517.2	1.58E-05	   
517.4	2.46E-05	   
517.6	3.81E-05	   
517.8	5.49E-05	   
518.0	6.79E-05	   
518.2	7.18E-05	   
518.4	6.95E-05	   
518.6	6.64E-05	   
518.8	6.54E-05	   
519.0	6.72E-05	   
519.2	7.22E-05	   
519.4	8.02E-05	   
519.6	9.07E-05	   
519.8	1.02E-04	   
520.0	1.13E-04	   
520.2	1.22E-04	   
520.4	1.27E-04	   
520.6	1.30E-04	   
520.8	1.30E-04	   
521.0	1.26E-04	   
521.2	1.17E-04	   
521.4	1.03E-04	   
521.6	8.47E-05	   
521.8	6.62E-05	   
522.0	5.03E-05	   
522.2	3.81E-05	   
522.4	2.94E-05	   
522.6	2.33E-05	   
522.8	1.90E-05	   
523.0	1.60E-05	   
523.2	1.39E-05	   
523.4	1.24E-05	   
523.6	1.11E-05	   
523.8	1.01E-05	   
524.0	9.03E-06	   
524.2	7.95E-06	   
524.4	6.84E-06	   
524.6	5.75E-06	   
524.8	4.76E-06	   
525.0	3.91E-06	   
525.2	3.23E-06	   
525.4	2.69E-06	   
525.6	2.29E-06	   
525.8	1.99E-06	   
526.0	1.78E-06	   
526.2	1.63E-06	   
526.4	1.54E-06	   
526.6	1.51E-06	   
526.8	1.52E-06	   
527.0	1.59E-06	   
527.2	1.73E-06	   
527.4	1.94E-06	   
527.6	2.25E-06	   
527.8	2.65E-06	   
528.0	3.11E-06	   
528.2	3.43E-06	   
528.4	3.38E-06	   
528.6	2.90E-06	   
528.8	2.27E-06	   
529.0	1.70E-06	   
529.2	1.28E-06	   
529.4	9.83E-07	   
529.6	7.80E-07	   
529.8	6.40E-07	   
530.0	5.43E-07	   
530.2	4.76E-07	   
530.4	4.30E-07	   
530.6	3.99E-07	   
530.8	3.81E-07	   
531.0	3.73E-07	   
531.2	3.75E-07	   
531.4	3.86E-07	   
531.6	4.08E-07	   
531.8	4.42E-07	   
532.0	4.90E-07	   
532.2	5.56E-07	   
532.4	6.46E-07	   
532.6	7.66E-07	   
532.8	9.24E-07	   
533.0	1.13E-06	   
533.2	1.38E-06	   
533.4	1.67E-06	   
533.6	1.97E-06	   
533.8	2.23E-06	   
534.0	2.40E-06	   
534.2	2.49E-06	   
534.4	2.51E-06	   
534.6	2.50E-06	   
534.8	2.51E-06	   
535.0	2.54E-06	   
535.2	2.64E-06	   
535.4	2.81E-06	   
535.6	3.08E-06	   
535.8	3.50E-06	   
536.0	4.12E-06	   
536.2	5.03E-06	   
536.4	6.41E-06	   
536.6	8.53E-06	   
536.8	1.19E-05	   
537.0	1.76E-05	   
537.2	2.77E-05	   
537.4	4.67E-05	   
537.6	8.54E-05	   
537.8	1.70E-04	   
538.0	3.68E-04	   
538.2	8.25E-04	   
538.4	1.69E-03	   
538.6	2.50E-03	   
538.8	2.31E-03	   
539.0	1.57E-03	   
539.2	8.18E-04	   
539.4	3.94E-04	   
539.6	2.02E-04	   
539.8	1.14E-04	   
540.0	6.87E-05	   
540.2	4.39E-05	   
540.4	2.93E-05	   
540.6	2.01E-05	   
540.8	1.41E-05	   
541.0	1.01E-05	   
541.2	7.42E-06	   
541.4	5.54E-06	   
541.6	4.23E-06	   
541.8	3.30E-06	   
542.0	2.65E-06	   
542.2	2.17E-06	   
542.4	1.83E-06	   
542.6	1.59E-06	   
542.8	1.43E-06	   
543.0	1.32E-06	   
543.2	1.26E-06	   
543.4	1.24E-06	   
543.6	1.28E-06	   
543.8	1.38E-06	   
544.0	1.56E-06	   
544.2	1.87E-06	   
544.4	2.37E-06	   
544.6	3.15E-06	   
544.8	4.11E-06	   
545.0	4.48E-06	   
545.2	3.55E-06	   
545.4	2.26E-06	   
545.6	1.37E-06	   
545.8	8.63E-07	   
546.0	5.74E-07	   
546.2	4.03E-07	   
546.4	2.97E-07	   
546.6	2.28E-07	   
546.8	1.82E-07	   
547.0	1.50E-07	   
547.2	1.27E-07	   
547.4	1.10E-07	   
547.6	9.81E-08	   
547.8	8.93E-08	   
548.0	8.31E-08	   
548.2	7.89E-08	   
548.4	7.64E-08	   
548.6	7.54E-08	   
548.8	7.57E-08	   
549.0	7.75E-08	   
549.2	8.08E-08	   
549.4	8.58E-08	   
549.6	9.27E-08	   
549.8	1.02E-07	   
550.0	1.15E-07	   
550.2	1.31E-07	   
550.4	1.53E-07	   
550.6	1.82E-07	   
550.8	2.21E-07	   
551.0	2.74E-07	   
551.2	3.48E-07	   
551.4	4.54E-07	   
551.6	6.09E-07	   
551.8	8.41E-07	   
552.0	1.20E-06	   
552.2	1.78E-06	   
552.4	2.76E-06	   
552.6	4.51E-06	   
552.8	7.90E-06	   
553.0	1.52E-05	   
553.2	3.38E-05	   
553.4	9.78E-05	   
553.6	5.16E-04	   
553.8	1.36E-03	   
554.0	1.64E-03	   
554.2	3.82E-03	   
554.4	1.12E-03	   
554.6	6.00E-04	   
554.8	3.48E-04	   
555.0	1.77E-04	   
555.2	8.44E-05	   
555.4	4.19E-05	   
555.6	2.25E-05	   
555.8	1.31E-05	   
556.0	8.18E-06	   
556.2	5.44E-06	   
556.4	3.82E-06	   
556.6	2.82E-06	   
556.8	2.18E-06	   
557.0	1.76E-06	   
557.2	1.47E-06	   
557.4	1.29E-06	   
557.6	1.17E-06	   
557.8	1.10E-06	   
558.0	1.08E-06	   
558.2	1.12E-06	   
558.4	1.20E-06	   
558.6	1.37E-06	   
558.8	1.65E-06	   
559.0	2.10E-06	   
559.2	2.75E-06	   
559.4	3.38E-06	   
559.6	3.35E-06	   
559.8	2.50E-06	   
560.0	1.62E-06	   
560.2	1.04E-06	   
560.4	6.93E-07	   
560.6	4.90E-07	   
560.8	3.66E-07	   
561.0	2.88E-07	   
561.2	2.37E-07	   
561.4	2.03E-07	   
561.6	1.82E-07	   
561.8	1.71E-07	   
562.0	1.67E-07	   
562.2	1.70E-07	   
562.4	1.83E-07	   
562.6	2.09E-07	   
562.8	2.55E-07	   
563.0	3.36E-07	   
563.2	4.70E-07	   
563.4	6.37E-07	   
563.6	6.47E-07	   
563.8	4.32E-07	   
564.0	2.39E-07	   
564.2	1.34E-07	   
564.4	8.08E-08	   
564.6	5.19E-08	   
564.8	3.54E-08	   
565.0	2.53E-08	   
565.2	1.88E-08	   
565.4	1.45E-08	   
565.6	1.15E-08	   
565.8	9.33E-09	   
566.0	7.76E-09	   
566.2	6.59E-09	   
566.4	5.71E-09	   
566.6	5.02E-09	   
566.8	4.49E-09	   
567.0	4.08E-09	   
567.2	3.76E-09	   
567.4	3.50E-09	   
567.6	3.31E-09	   
567.8	3.16E-09	   
568.0	3.05E-09	   
568.2	2.97E-09	   
568.4	2.92E-09	   
568.6	2.89E-09	   
568.8	2.89E-09	   
569.0	2.91E-09	   
569.2	2.94E-09	   
569.4	2.99E-09	   
569.6	3.05E-09	   
569.8	3.12E-09	   
570.0	3.21E-09	   
570.2	3.30E-09	   
570.4	3.40E-09	   
570.6	3.51E-09	   
570.8	3.63E-09	   
571.0	3.77E-09	   
571.2	3.92E-09	   
571.4	4.09E-09	   
571.6	4.29E-09	   
571.8	4.53E-09	   
572.0	4.81E-09	   
572.2	5.17E-09	   
572.4	5.62E-09	   
572.6	6.19E-09	   
572.8	6.92E-09	   
573.0	7.89E-09	   
573.2	9.19E-09	   
573.4	1.10E-08	   
573.6	1.35E-08	   
573.8	1.70E-08	   
574.0	2.23E-08	   
574.2	3.01E-08	   
574.4	4.09E-08	   
574.6	5.35E-08	   
574.8	6.15E-08	   
575.0	5.82E-08	   
575.2	4.65E-08	   
575.4	3.43E-08	   
575.6	2.51E-08	   
575.8	1.88E-08	   
576.0	1.46E-08	   
576.2	1.17E-08	   
576.4	9.67E-09	   
576.6	8.24E-09	   
576.8	7.20E-09	   
577.0	6.44E-09	   
577.2	5.89E-09	   
577.4	5.50E-09	   
577.6	5.22E-09	   
577.8	5.05E-09	   
578.0	4.96E-09	   
578.2	4.95E-09	   
578.4	5.02E-09	   
578.6	5.17E-09	   
578.8	5.40E-09	   
579.0	5.73E-09	   
579.2	6.16E-09	   
579.4	6.73E-09	   
579.6	7.46E-09	   
579.8	8.39E-09	   
580.0	9.59E-09	   
580.2	1.11E-08	   
580.4	1.32E-08	   
580.6	1.58E-08	   
580.8	1.94E-08	   
581.0	2.43E-08	   
581.2	3.11E-08	   
581.4	4.08E-08	   
581.6	5.50E-08	   
581.8	7.66E-08	   
582.0	1.11E-07	   
582.2	1.67E-07	   
582.4	2.68E-07	   
582.6	4.63E-07	   
582.8	8.89E-07	   
583.0	1.97E-06	   
583.2	4.66E-06	   
583.4	6.70E-06	   
583.6	5.25E-06	   
583.8	2.98E-06	   
584.0	1.74E-06	   
584.2	1.14E-06	   
584.4	8.10E-07	   
584.6	6.11E-07	   
584.8	4.81E-07	   
585.0	3.90E-07	   
585.2	3.24E-07	   
585.4	2.75E-07	   
585.6	2.38E-07	   
585.8	2.09E-07	   
586.0	1.88E-07	   
586.2	1.71E-07	   
586.4	1.59E-07	   
586.6	1.50E-07	   
586.8	1.43E-07	   
587.0	1.40E-07	   
587.2	1.38E-07	   
587.4	1.39E-07	   
587.6	1.43E-07	   
587.8	1.48E-07	   
588.0	1.57E-07	   
588.2	1.69E-07	   
588.4	1.85E-07	   
588.6	2.06E-07	   
588.8	2.33E-07	   
589.0	2.68E-07	   
589.2	3.14E-07	   
589.4	3.75E-07	   
589.6	4.56E-07	   
589.8	5.65E-07	   
590.0	7.12E-07	   
590.2	9.07E-07	   
590.4	1.17E-06	   
590.6	1.52E-06	   
590.8	1.99E-06	   
591.0	2.58E-06	   
591.2	3.29E-06	   
591.4	4.08E-06	   
591.6	4.88E-06	   
591.8	5.64E-06	   
592.0	6.32E-06	   
592.2	6.95E-06	   
592.4	7.58E-06	   
592.6	8.28E-06	   
592.8	9.13E-06	   
593.0	1.02E-05	   
593.2	1.15E-05	   
593.4	1.33E-05	   
593.6	1.55E-05	   
593.8	1.83E-05	   
594.0	2.18E-05	   
594.2	2.64E-05	   
594.4	3.25E-05	   
594.6	4.12E-05	   
594.8	5.46E-05	   
595.0	7.82E-05	   
595.2	1.27E-04	   
595.4	2.50E-04	   
595.6	4.48E-04	   
595.8	3.32E-04	   
596.0	4.33E-04	   
596.2	3.49E-04	   
596.4	1.04E-04	   
596.6	4.43E-05	   
596.8	2.41E-05	   
597.0	1.51E-05	   
597.2	1.03E-05	   
597.4	7.56E-06	   
597.6	5.82E-06	   
597.8	4.68E-06	   
598.0	3.90E-06	   
598.2	3.35E-06	   
598.4	2.97E-06	   
598.6	2.70E-06	   
598.8	2.51E-06	   
599.0	2.39E-06	   
599.2	2.32E-06	   
599.4	2.30E-06	   
599.6	2.33E-06	   
599.8	2.40E-06	   
600.0	2.50E-06	   
600.2	2.65E-06	   
600.4	2.82E-06	   
600.6	3.02E-06	   
600.8	3.23E-06	   
601.0	3.43E-06	   
601.2	3.58E-06	   
601.4	3.65E-06	   
601.6	3.64E-06	   
601.8	3.54E-06	   
602.0	3.38E-06	   
602.2	3.19E-06	   
602.4	2.99E-06	   
602.6	2.81E-06	   
602.8	2.65E-06	   
603.0	2.53E-06	   
603.2	2.46E-06	   
603.4	2.42E-06	   
603.6	2.43E-06	   
603.8	2.49E-06	   
604.0	2.62E-06	   
604.2	2.82E-06	   
604.4	3.11E-06	   
604.6	3.54E-06	   
604.8	4.18E-06	   
605.0	5.12E-06	   
605.2	6.57E-06	   
605.4	8.92E-06	   
605.6	1.30E-05	   
605.8	2.08E-05	   
606.0	3.71E-05	   
606.2	6.87E-05	   
606.4	9.47E-05	   
606.6	7.65E-05	   
606.8	4.47E-05	   
607.0	2.64E-05	   
607.2	1.72E-05	   
607.4	1.23E-05	   
607.6	9.54E-06	   
607.8	7.82E-06	   
608.0	6.74E-06	   
608.2	6.05E-06	   
608.4	5.64E-06	   
608.6	5.42E-06	   
608.8	5.37E-06	   
609.0	5.48E-06	   
609.2	5.73E-06	   
609.4	6.15E-06	   
609.6	6.76E-06	   
609.8	7.58E-06	   
610.0	8.65E-06	   
610.2	9.99E-06	   
610.4	1.16E-05	   
610.6	1.32E-05	   
610.8	1.45E-05	   
611.0	1.52E-05	   
611.2	1.50E-05	   
611.4	1.39E-05	   
611.6	1.24E-05	   
611.8	1.07E-05	   
612.0	9.20E-06	   
612.2	7.91E-06	   
612.4	6.87E-06	   
612.6	6.03E-06	   
612.8	5.38E-06	   
613.0	4.86E-06	   
613.2	4.46E-06	   
613.4	4.15E-06	   
613.6	3.92E-06	   
613.8	3.76E-06	   
614.0	3.65E-06	   
614.2	3.60E-06	   
614.4	3.61E-06	   
614.6	3.68E-06	   
614.8	3.82E-06	   
615.0	4.05E-06	   
615.2	4.41E-06	   
615.4	4.94E-06	   
615.6	5.75E-06	   
615.8	7.02E-06	   
616.0	9.12E-06	   
616.2	1.29E-05	   
616.4	2.10E-05	   
616.6	4.26E-05	   
616.8	1.17E-04	   
617.0	1.89E-04	   
617.2	8.07E-05	   
617.4	2.49E-05	   
617.6	1.11E-05	   
617.8	6.05E-06	   
618.0	3.73E-06	   
618.2	2.50E-06	   
618.4	1.78E-06	   
618.6	1.33E-06	   
618.8	1.03E-06	   
619.0	8.17E-07	   
619.2	6.68E-07	   
619.4	5.59E-07	   
619.6	4.77E-07	   
619.8	4.15E-07	   
620.0	3.67E-07	   
620.2	3.30E-07	   
620.4	3.01E-07	   
620.6	2.78E-07	   
620.8	2.60E-07	   
621.0	2.47E-07	   
621.2	2.37E-07	   
621.4	2.31E-07	   
621.6	2.27E-07	   
621.8	2.26E-07	   
622.0	2.28E-07	   
622.2	2.32E-07	   
622.4	2.40E-07	   
622.6	2.50E-07	   
622.8	2.64E-07	   
623.0	2.83E-07	   
623.2	3.07E-07	   
623.4	3.38E-07	   
623.6	3.78E-07	   
623.8	4.28E-07	   
624.0	4.94E-07	   
624.2	5.80E-07	   
624.4	6.95E-07	   
624.6	8.51E-07	   
624.8	1.07E-06	   
625.0	1.38E-06	   
625.2	1.84E-06	   
625.4	2.54E-06	   
625.6	3.66E-06	   
625.8	5.53E-06	   
626.0	8.67E-06	   
626.2	1.35E-05	   
626.4	1.90E-05	   
626.6	2.06E-05	   
626.8	1.74E-05	   
627.0	1.31E-05	   
627.2	9.86E-06	   
627.4	7.71E-06	   
627.6	6.32E-06	   
627.8	5.41E-06	   
628.0	4.82E-06	   
628.2	4.44E-06	   
628.4	4.22E-06	   
628.6	4.12E-06	   
628.8	4.13E-06	   
629.0	4.23E-06	   
629.2	4.44E-06	   
629.4	4.77E-06	   
629.6	5.22E-06	   
629.8	5.85E-06	   
630.0	6.70E-06	   
630.2	7.84E-06	   
630.4	9.38E-06	   
630.6	1.15E-05	   
630.8	1.43E-05	   
631.0	1.82E-05	   
631.2	2.34E-05	   
631.4	2.97E-05	   
631.6	3.62E-05	   
631.8	4.10E-05	   
632.0	4.18E-05	   
632.2	3.87E-05	   
632.4	3.35E-05	   
632.6	2.81E-05	   
632.8	2.34E-05	   
633.0	1.97E-05	   
633.2	1.68E-05	   
633.4	1.47E-05	   
633.6	1.31E-05	   
633.8	1.20E-05	   
634.0	1.12E-05	   
634.2	1.06E-05	   
634.4	1.03E-05	   
634.6	1.02E-05	   
634.8	1.03E-05	   
635.0	1.06E-05	   
635.2	1.12E-05	   
635.4	1.20E-05	   
635.6	1.31E-05	   
635.8	1.44E-05	   
636.0	1.59E-05	   
636.2	1.73E-05	   
636.4	1.81E-05	   
636.6	1.79E-05	   
636.8	1.64E-05	   
637.0	1.40E-05	   
637.2	1.13E-05	   
637.4	8.95E-06	   
637.6	7.01E-06	   
637.8	5.51E-06	   
638.0	4.39E-06	   
638.2	3.55E-06	   
638.4	2.92E-06	   
638.6	2.44E-06	   
638.8	2.08E-06	   
639.0	1.80E-06	   
639.2	1.59E-06	   
639.4	1.42E-06	   
639.6	1.29E-06	   
639.8	1.19E-06	   
640.0	1.11E-06	   
640.2	1.05E-06	   
640.4	1.00E-06	   
640.6	9.76E-07	   
640.8	9.60E-07	   
641.0	9.57E-07	   
641.2	9.66E-07	   
641.4	9.88E-07	   
641.6	1.02E-06	   
641.8	1.08E-06	   
642.0	1.15E-06	   
642.2	1.24E-06	   
642.4	1.36E-06	   
642.6	1.52E-06	   
642.8	1.73E-06	   
643.0	2.01E-06	   
643.2	2.37E-06	   
643.4	2.87E-06	   
643.6	3.54E-06	   
643.8	4.48E-06	   
644.0	5.81E-06	   
644.2	7.67E-06	   
644.4	1.02E-05	   
644.6	1.33E-05	   
644.8	1.64E-05	   
645.0	1.82E-05	   
645.2	1.79E-05	   
645.4	1.60E-05	   
645.6	1.36E-05	   
645.8	1.13E-05	   
646.0	9.51E-06	   
646.2	8.18E-06	   
646.4	7.21E-06	   
646.6	6.53E-06	   
646.8	6.06E-06	   
647.0	5.77E-06	   
647.2	5.63E-06	   
647.4	5.62E-06	   
647.6	5.74E-06	   
647.8	6.00E-06	   
648.0	6.42E-06	   
648.2	7.03E-06	   
648.4	7.90E-06	   
648.6	9.12E-06	   
648.8	1.08E-05	   
649.0	1.33E-05	   
649.2	1.71E-05	   
649.4	2.28E-05	   
649.6	3.24E-05	   
649.8	4.94E-05	   
650.0	8.24E-05	   
650.2	1.52E-04	   
650.4	2.84E-04	   
650.6	3.78E-04	   
650.8	3.00E-04	   
651.0	1.83E-04	   
651.2	1.14E-04	   
651.4	7.84E-05	   
651.6	5.89E-05	   
651.8	4.76E-05	   
652.0	4.08E-05	   
652.2	3.68E-05	   
652.4	3.47E-05	   
652.6	3.40E-05	   
652.8	3.47E-05	   
653.0	3.66E-05	   
653.2	3.99E-05	   
653.4	4.47E-05	   
653.6	5.12E-05	   
653.8	5.86E-05	   
654.0	6.49E-05	   
654.2	6.65E-05	   
654.4	6.10E-05	   
654.6	5.03E-05	   
654.8	3.85E-05	   
655.0	2.85E-05	   
655.2	2.11E-05	   
655.4	1.58E-05	   
655.6	1.20E-05	   
655.8	9.38E-06	   
656.0	7.48E-06	   
656.2	6.10E-06	   
656.4	5.06E-06	   
656.6	4.28E-06	   
656.8	3.69E-06	   
657.0	3.22E-06	   
657.2	2.86E-06	   
657.4	2.57E-06	   
657.6	2.35E-06	   
657.8	2.17E-06	   
658.0	2.03E-06	   
658.2	1.93E-06	   
658.4	1.85E-06	   
658.6	1.80E-06	   
658.8	1.78E-06	   
659.0	1.77E-06	   
659.2	1.79E-06	   
659.4	1.84E-06	   
659.6	1.92E-06	   
659.8	2.03E-06	   
660.0	2.19E-06	   
660.2	2.40E-06	   
660.4	2.69E-06	   
660.6	3.08E-06	   
660.8	3.63E-06	   
661.0	4.39E-06	   
661.2	5.51E-06	   
661.4	7.18E-06	   
661.6	9.72E-06	   
661.8	1.36E-05	   
662.0	1.90E-05	   
662.2	2.46E-05	   
662.4	2.75E-05	   
662.6	2.61E-05	   
662.8	2.10E-05	   
663.0	1.53E-05	   
663.2	1.10E-05	   
663.4	8.17E-06	   
663.6	6.32E-06	   
663.8	5.09E-06	   
664.0	4.26E-06	   
664.2	3.69E-06	   
664.4	3.30E-06	   
664.6	3.03E-06	   
664.8	2.86E-06	   
665.0	2.78E-06	   
665.2	2.76E-06	   
665.4	2.82E-06	   
665.6	2.95E-06	   
665.8	3.18E-06	   
666.0	3.53E-06	   
666.2	4.06E-06	   
666.4	4.86E-06	   
666.6	6.09E-06	   
666.8	8.09E-06	   
667.0	1.16E-05	   
667.2	1.87E-05	   
667.4	3.57E-05	   
667.6	8.39E-05	   
667.8	1.36E-04	   
668.0	1.55E-04	   
668.2	1.18E-04	   
668.4	5.06E-05	   
668.6	2.64E-05	   
668.8	1.66E-05	   
669.0	1.19E-05	   
669.2	9.30E-06	   
669.4	7.85E-06	   
669.6	7.03E-06	   
669.8	6.66E-06	   
670.0	6.66E-06	   
670.2	7.05E-06	   
670.4	7.93E-06	   
670.6	9.61E-06	   
670.8	1.29E-05	   
671.0	2.00E-05	   
671.2	4.14E-05	   
671.4	2.07E-04	   
671.6	2.76E-04	   
671.8	9.17E-04	   
672.0	1.80E-04	   
672.2	4.04E-05	   
672.4	1.81E-05	   
672.6	1.08E-05	   
672.8	7.60E-06	   
673.0	6.05E-06	   
673.2	5.36E-06	   
673.4	5.31E-06	   
673.6	6.02E-06	   
673.8	8.33E-06	   
674.0	1.69E-05	   
674.2	1.48E-04	   
674.4	9.43E-05	   
674.6	1.93E-05	   
674.8	3.08E-06	   
675.0	1.08E-06	   
675.2	4.94E-07	   
675.4	2.58E-07	   
675.6	1.47E-07	   
675.8	8.94E-08	   
676.0	5.69E-08	   
676.2	3.76E-08	   
676.4	2.56E-08	   
676.6	1.79E-08	   
676.8	1.28E-08	   
677.0	9.28E-09	   
677.2	6.86E-09	   
677.4	5.15E-09	   
677.6	3.91E-09	   
677.8	3.01E-09	   
678.0	2.34E-09	   
678.2	1.84E-09	   
678.4	1.46E-09	   
678.6	1.16E-09	   
678.8	9.37E-10	   
679.0	7.61E-10	   
679.2	6.21E-10	   
679.4	5.11E-10	   
679.6	4.22E-10	   
679.8	3.51E-10	   
680.0	2.94E-10	   
680.2	2.48E-10	   
680.4	2.10E-10	   
680.6	1.78E-10	   
680.8	1.52E-10	   
681.0	1.30E-10	   
681.2	1.12E-10	   
681.4	9.71E-11	   
681.6	8.42E-11	   
681.8	7.33E-11	   
682.0	6.41E-11	   
682.2	5.62E-11	   
682.4	4.95E-11	   
682.6	4.37E-11	   
682.8	3.87E-11	   
683.0	3.44E-11	   
683.2	3.07E-11	   
683.4	2.75E-11	   
683.6	2.47E-11	   
683.8	2.22E-11	   
684.0	2.00E-11	   
684.2	1.81E-11	   
684.4	1.65E-11	   
684.6	1.50E-11	   
684.8	1.37E-11	   
685.0	1.26E-11	   
685.2	1.15E-11	   
685.4	1.06E-11	   
685.6	9.82E-12	   
685.8	9.10E-12	   
686.0	8.46E-12	   
686.2	7.88E-12	   
686.4	7.37E-12	   
686.6	6.91E-12	   
686.8	6.49E-12	   
687.0	6.12E-12	   
687.2	5.79E-12	   
687.4	5.49E-12	   
687.6	5.22E-12	   
687.8	4.98E-12	   
688.0	4.76E-12	   
688.2	4.57E-12	   
688.4	4.39E-12	   
688.6	4.24E-12	   
688.8	4.11E-12	   
689.0	3.99E-12	   
689.2	3.89E-12	   
689.4	3.80E-12	   
689.6	3.73E-12	   
689.8	3.67E-12	   
690.0	3.62E-12	   
690.2	3.59E-12	   
690.4	3.57E-12	   
690.6	3.57E-12	   
690.8	3.58E-12	   
691.0	3.60E-12	   
691.2	3.64E-12	   
691.4	3.69E-12	   
691.6	3.76E-12	   
691.8	3.86E-12	   
692.0	3.97E-12	   
692.2	4.11E-12	   
692.4	4.28E-12	   
692.6	4.49E-12	   
692.8	4.73E-12	   
693.0	5.02E-12	   
693.2	5.37E-12	   
693.4	5.79E-12	   
693.6	6.31E-12	   
693.8	6.94E-12	   
694.0	7.72E-12	   
694.2	8.71E-12	   
694.4	9.97E-12	   
694.6	1.16E-11	   
694.8	1.39E-11	   
695.0	1.69E-11	   
695.2	2.14E-11	   
695.4	2.83E-11	   
695.6	3.98E-11	   
695.8	6.13E-11	   
696.0	1.10E-10	   
696.2	2.69E-10	   
696.4	1.89E-09	   
696.6	2.85E-09	   
696.8	3.14E-09	   
697.0	9.22E-10	   
697.2	1.69E-10	   
697.4	7.34E-11	   
697.6	4.15E-11	   
697.8	2.67E-11	   
698.0	1.87E-11	   
698.2	1.38E-11	   
698.4	1.06E-11	   
698.6	8.35E-12	   
698.8	6.76E-12	   
699.0	5.59E-12	   
699.2	4.69E-12	   
699.4	4.00E-12	   
699.6	3.44E-12	   
699.8	3.00E-12	   
700.0	2.64E-12	   
700.2	2.34E-12	   
700.4	2.09E-12	   
700.6	1.88E-12	   
700.8	1.70E-12	   
701.0	1.55E-12	   
701.2	1.42E-12	   
701.4	1.30E-12	   
701.6	1.20E-12	   
701.8	1.12E-12	   
702.0	1.04E-12	   
702.2	9.71E-13	   
702.4	9.10E-13	   
702.6	8.56E-13	   
702.8	8.08E-13	   
703.0	7.65E-13	   
703.2	7.26E-13	   
703.4	6.91E-13	   
703.6	6.59E-13	   
703.8	6.30E-13	   
704.0	6.04E-13	   
704.2	5.81E-13	   
704.4	5.59E-13	   
704.6	5.40E-13	   
704.8	5.22E-13	   
705.0	5.06E-13	   
705.2	4.92E-13	   
705.4	4.79E-13	   
705.6	4.67E-13	   
705.8	4.57E-13	   
706.0	4.47E-13	   
706.2	4.39E-13	   
706.4	4.31E-13	   
706.6	4.24E-13	   
706.8	4.19E-13	   
707.0	4.14E-13	   
707.2	4.10E-13	   
707.4	4.06E-13	   
707.6	4.04E-13	   
707.8	4.02E-13	   
708.0	4.01E-13	   
708.2	4.00E-13	   
708.4	4.01E-13	   
708.6	4.02E-13	   
708.8	4.04E-13	   
709.0	4.06E-13	   
709.2	4.10E-13	   
709.4	4.14E-13	   
709.6	4.19E-13	   
709.8	4.24E-13	   
710.0	4.31E-13	   
710.2	4.39E-13	   
710.4	4.48E-13	   
710.6	4.58E-13	   
710.8	4.69E-13	   
711.0	4.81E-13	   
711.2	4.95E-13	   
711.4	5.10E-13	   
711.6	5.26E-13	   
711.8	5.45E-13	   
712.0	5.65E-13	   
712.2	5.88E-13	   
712.4	6.13E-13	   
712.6	6.41E-13	   
712.8	6.71E-13	   
713.0	7.05E-13	   
713.2	7.43E-13	   
713.4	7.84E-13	   
713.6	8.31E-13	   
713.8	8.83E-13	   
714.0	9.41E-13	   
714.2	1.01E-12	   
714.4	1.08E-12	   
714.6	1.16E-12	   
714.8	1.25E-12	   
715.0	1.36E-12	   
715.2	1.48E-12	   
715.4	1.62E-12	   
715.6	1.78E-12	   
715.8	1.97E-12	   
716.0	2.18E-12	   
716.2	2.44E-12	   
716.4	2.74E-12	   
716.6	3.10E-12	   
716.8	3.53E-12	   
717.0	4.05E-12	   
717.2	4.69E-12	   
717.4	5.50E-12	   
717.6	6.51E-12	   
717.8	7.81E-12	   
718.0	9.51E-12	   
718.2	1.18E-11	   
718.4	1.50E-11	   
718.6	1.95E-11	   
718.8	2.63E-11	   
719.0	3.72E-11	   
719.2	5.62E-11	   
719.4	9.37E-11	   
719.6	1.86E-10	   
719.8	5.38E-10	   
720.0	7.49E-09	   
720.2	2.39E-09	   
720.4	5.11E-09	   
720.6	1.81E-09	   
720.8	3.38E-10	   
721.0	1.54E-10	   
721.2	9.20E-11	   
721.4	6.30E-11	   
721.6	4.67E-11	   
721.8	3.66E-11	   
722.0	2.98E-11	   
722.2	2.51E-11	   
722.4	2.16E-11	   
722.6	1.89E-11	   
722.8	1.69E-11	   
723.0	1.53E-11	   
723.2	1.40E-11	   
723.4	1.30E-11	   
723.6	1.21E-11	   
723.8	1.14E-11	   
724.0	1.08E-11	   
724.2	1.03E-11	   
724.4	9.96E-12	   
724.6	9.63E-12	   
724.8	9.37E-12	   
725.0	9.16E-12	   
725.2	9.00E-12	   
725.4	8.88E-12	   
725.6	8.80E-12	   
725.8	8.75E-12	   
726.0	8.73E-12	   
726.2	8.75E-12	   
726.4	8.79E-12	   
726.6	8.87E-12	   
726.8	8.97E-12	   
727.0	9.11E-12	   
727.2	9.27E-12	   
727.4	9.46E-12	   
727.6	9.68E-12	   
727.8	9.93E-12	   
728.0	1.02E-11	   
728.2	1.05E-11	   
728.4	1.09E-11	   
728.6	1.13E-11	   
728.8	1.17E-11	   
729.0	1.22E-11	   
729.2	1.28E-11	   
729.4	1.34E-11	   
729.6	1.40E-11	   
729.8	1.47E-11	   
730.0	1.55E-11	   
730.2	1.64E-11	   
730.4	1.73E-11	   
730.6	1.84E-11	   
730.8	1.96E-11	   
731.0	2.09E-11	   
731.2	2.23E-11	   
731.4	2.39E-11	   
731.6	2.56E-11	   
731.8	2.75E-11	   
732.0	2.97E-11	   
732.2	3.21E-11	   
732.4	3.48E-11	   
732.6	3.78E-11	   
732.8	4.12E-11	   
733.0	4.49E-11	   
733.2	4.92E-11	   
733.4	5.40E-11	   
733.6	5.95E-11	   
733.8	6.57E-11	   
734.0	7.27E-11	   
734.2	8.08E-11	   
734.4	9.00E-11	   
734.6	1.01E-10	   
734.8	1.13E-10	   
735.0	1.27E-10	   
735.2	1.44E-10	   
735.4	1.63E-10	   
735.6	1.86E-10	   
735.8	2.12E-10	   
736.0	2.44E-10	   
736.2	2.82E-10	   
736.4	3.27E-10	   
736.6	3.82E-10	   
736.8	4.48E-10	   
737.0	5.30E-10	   
737.2	6.30E-10	   
737.4	7.55E-10	   
737.6	9.12E-10	   
737.8	1.11E-09	   
738.0	1.37E-09	   
738.2	1.70E-09	   
738.4	2.13E-09	   
738.6	2.72E-09	   
738.8	3.51E-09	   
739.0	4.59E-09	   
739.2	6.09E-09	   
739.4	8.18E-09	   
739.6	1.11E-08	   
739.8	1.49E-08	   
740.0	1.96E-08	   
740.2	2.44E-08	   
740.4	2.87E-08	   
740.6	3.15E-08	   
740.8	3.23E-08	   
741.0	3.10E-08	   
741.2	2.82E-08	   
741.4	2.47E-08	   
741.6	2.14E-08	   
741.8	1.86E-08	   
742.0	1.63E-08	   
742.2	1.45E-08	   
742.4	1.31E-08	   
742.6	1.20E-08	   
742.8	1.11E-08	   
743.0	1.04E-08	   
743.2	9.81E-09	   
743.4	9.37E-09	   
743.6	9.02E-09	   
743.8	8.75E-09	   
744.0	8.54E-09	   
744.2	8.40E-09	   
744.4	8.30E-09	   
744.6	8.24E-09	   
744.8	8.23E-09	   
745.0	8.26E-09	   
745.2	8.31E-09	   
745.4	8.40E-09	   
745.6	8.52E-09	   
745.8	8.67E-09	   
746.0	8.86E-09	   
746.2	9.07E-09	   
746.4	9.31E-09	   
746.6	9.58E-09	   
746.8	9.88E-09	   
747.0	1.02E-08	   
747.2	1.06E-08	   
747.4	1.10E-08	   
747.6	1.14E-08	   
747.8	1.19E-08	   
748.0	1.25E-08	   
748.2	1.30E-08	   
748.4	1.37E-08	   
748.6	1.43E-08	   
748.8	1.51E-08	   
749.0	1.59E-08	   
749.2	1.67E-08	   
749.4	1.77E-08	   
749.6	1.87E-08	   
749.8	1.98E-08	   
750.0	2.10E-08	   
750.2	2.24E-08	   
750.4	2.38E-08	   
750.6	2.54E-08	   
750.8	2.71E-08	   
751.0	2.90E-08	   
751.2	3.10E-08	   
751.4	3.33E-08	   
751.6	3.57E-08	   
751.8	3.84E-08	   
752.0	4.14E-08	   
752.2	4.47E-08	   
752.4	4.83E-08	   
752.6	5.23E-08	   
752.8	5.67E-08	   
753.0	6.15E-08	   
753.2	6.69E-08	   
753.4	7.29E-08	   
753.6	7.96E-08	   
753.8	8.70E-08	   
754.0	9.53E-08	   
754.2	1.05E-07	   
754.4	1.15E-07	   
754.6	1.26E-07	   
754.8	1.39E-07	   
755.0	1.54E-07	   
755.2	1.70E-07	   
755.4	1.89E-07	   
755.6	2.09E-07	   
755.8	2.33E-07	   
756.0	2.59E-07	   
756.2	2.89E-07	   
756.4	3.23E-07	   
756.6	3.61E-07	   
756.8	4.05E-07	   
757.0	4.54E-07	   
757.2	5.11E-07	   
757.4	5.75E-07	   
757.6	6.48E-07	   
757.8	7.31E-07	   
758.0	8.26E-07	   
758.2	9.34E-07	   
758.4	1.06E-06	   
758.6	1.20E-06	   
758.8	1.36E-06	   
759.0	1.55E-06	   
759.2	1.76E-06	   
759.4	2.00E-06	   
759.6	2.28E-06	   
759.8	2.60E-06	   
760.0	2.97E-06	   
760.2	3.41E-06	   
760.4	3.93E-06	   
760.6	4.52E-06	   
760.8	5.21E-06	   
761.0	6.01E-06	   
761.2	6.94E-06	   
761.4	8.04E-06	   
761.6	9.32E-06	   
761.8	1.08E-05	   
762.0	1.26E-05	   
762.2	1.47E-05	   
762.4	1.72E-05	   
762.6	2.01E-05	   
762.8	2.37E-05	   
763.0	2.79E-05	   
763.2	3.31E-05	   
763.4	3.93E-05	   
763.6	4.69E-05	   
763.8	5.62E-05	   
764.0	6.77E-05	   
764.2	8.19E-05	   
764.4	9.97E-05	   
764.6	1.22E-04	   
764.8	1.50E-04	   
765.0	1.86E-04	   
765.2	2.32E-04	   
765.4	2.92E-04	   
765.6	3.70E-04	   
765.8	4.72E-04	   
766.0	6.09E-04	   
766.2	7.92E-04	   
766.4	1.04E-03	   
766.6	1.38E-03	   
766.8	1.86E-03	   
767.0	2.53E-03	   
767.2	3.49E-03	   
767.4	4.88E-03	   
767.6	6.94E-03	   
767.8	1.00E-02	   
768.0	1.48E-02	   
768.2	2.22E-02	   
768.4	3.42E-02	   
768.6	5.38E-02	   
768.8	8.72E-02	   
769.0	1.46E-01	   
769.2	2.52E-01	   
769.4	4.54E-01	   
769.6	8.54E-01	   
769.8	1.69E+00	   
770.0	3.55E+00	   
770.2	7.84E+00	   
770.4	1.79E+01	   
770.6	3.88E+01	   
770.8	6.87E+01	   
771.0	9.08E+01	   
771.2	9.85E+01	   
771.4	9.99E+01	   
771.6	1.00E+02	   
771.8	1.00E+02	   
772.0	9.99E+01	   
772.2	9.98E+01	   
772.4	9.97E+01	   
772.6	9.96E+01	   
772.8	9.95E+01	   
773.0	9.95E+01	   
773.2	9.93E+01	   
773.4	9.53E+01	   
773.6	7.98E+01	   
773.8	5.18E+01	   
774.0	2.68E+01	   
774.2	1.26E+01	   
774.4	6.01E+00	   
774.6	2.98E+00	   
774.8	1.55E+00	   
775.0	8.50E-01	   
775.2	4.85E-01	   
775.4	2.87E-01	   
775.6	1.76E-01	   
775.8	1.11E-01	   
776.0	7.13E-02	   
776.2	4.69E-02	   
776.4	3.15E-02	   
776.6	2.15E-02	   
776.8	1.49E-02	   
777.0	1.05E-02	   
777.2	7.49E-03	   
777.4	5.40E-03	   
777.6	3.93E-03	   
777.8	2.89E-03	   
778.0	2.14E-03	   
778.2	1.61E-03	   
778.4	1.21E-03	   
778.6	9.20E-04	   
778.8	7.04E-04	   
779.0	5.42E-04	   
779.2	4.20E-04	   
779.4	3.28E-04	   
779.6	2.57E-04	   
779.8	2.03E-04	   
780.0	1.61E-04	   
780.2	1.29E-04	   
780.4	1.04E-04	   
780.6	8.37E-05	   
780.8	6.80E-05	   
781.0	5.54E-05	   
781.2	4.54E-05	   
781.4	3.74E-05	   
781.6	3.09E-05	   
781.8	2.56E-05	   
782.0	2.13E-05	   
782.2	1.79E-05	   
782.4	1.50E-05	   
782.6	1.26E-05	   
782.8	1.07E-05	   
783.0	9.09E-06	   
783.2	7.75E-06	   
783.4	6.63E-06	   
783.6	5.69E-06	   
783.8	4.90E-06	   
784.0	4.24E-06	   
784.2	3.68E-06	   
784.4	3.20E-06	   
784.6	2.79E-06	   
784.8	2.45E-06	   
785.0	2.15E-06	   
785.2	1.90E-06	   
785.4	1.68E-06	   
785.6	1.49E-06	   
785.8	1.32E-06	   
786.0	1.18E-06	   
786.2	1.06E-06	   
786.4	9.47E-07	   
786.6	8.52E-07	   
786.8	7.69E-07	   
787.0	6.96E-07	   
787.2	6.31E-07	   
787.4	5.74E-07	   
787.6	5.24E-07	   
787.8	4.79E-07	   
788.0	4.39E-07	   
788.2	4.04E-07	   
788.4	3.72E-07	   
788.6	3.44E-07	   
788.8	3.18E-07	   
789.0	2.95E-07	   
789.2	2.75E-07	   
789.4	2.56E-07	   
789.6	2.40E-07	   
789.8	2.24E-07	   
790.0	2.11E-07	   
790.2	1.98E-07	   
790.4	1.87E-07	   
790.6	1.76E-07	   
790.8	1.67E-07	   
791.0	1.58E-07	   
791.2	1.50E-07	   
791.4	1.43E-07	   
791.6	1.36E-07	   
791.8	1.30E-07	   
792.0	1.25E-07	   
792.2	1.19E-07	   
792.4	1.14E-07	   
792.6	1.10E-07	   
792.8	1.06E-07	   
793.0	1.02E-07	   
793.2	9.82E-08	   
793.4	9.48E-08	   
793.6	9.16E-08	   
793.8	8.86E-08	   
794.0	8.58E-08	   
794.2	8.31E-08	   
794.4	8.05E-08	   
794.6	7.81E-08	   
794.8	7.57E-08	   
795.0	7.35E-08	   
795.2	7.13E-08	   
795.4	6.92E-08	   
795.6	6.72E-08	   
795.8	6.53E-08	   
796.0	6.33E-08	   
796.2	6.15E-08	   
796.4	5.96E-08	   
796.6	5.78E-08	   
796.8	5.61E-08	   
797.0	5.44E-08	   
797.2	5.26E-08	   
797.4	5.10E-08	   
797.6	4.93E-08	   
797.8	4.77E-08	   
798.0	4.61E-08	   
798.2	4.45E-08	   
798.4	4.29E-08	   
798.6	4.14E-08	   
798.8	3.99E-08	   
799.0	3.84E-08	   
799.2	3.70E-08	   
799.4	3.56E-08	   
799.6	3.42E-08	   
799.8	3.28E-08	   
800.0	3.15E-08	   
800.2	3.03E-08	   
800.4	2.90E-08	   
800.6	2.78E-08	   
800.8	2.66E-08	   
801.0	2.55E-08	   
801.2	2.44E-08	   
801.4	2.33E-08	   
801.6	2.23E-08	   
801.8	2.13E-08	   
802.0	2.03E-08	   
802.2	1.94E-08	   
802.4	1.85E-08	   
802.6	1.76E-08	   
802.8	1.68E-08	   
803.0	1.60E-08	   
803.2	1.53E-08	   
803.4	1.45E-08	   
803.6	1.38E-08	   
803.8	1.32E-08	   
804.0	1.25E-08	   
804.2	1.19E-08	   
804.4	1.13E-08	   
804.6	1.08E-08	   
804.8	1.03E-08	   
805.0	9.78E-09	   
805.2	9.31E-09	   
805.4	8.86E-09	   
805.6	8.44E-09	   
805.8	8.04E-09	   
806.0	7.66E-09	   
806.2	7.30E-09	   
806.4	6.96E-09	   
806.6	6.65E-09	   
806.8	6.35E-09	   
807.0	6.06E-09	   
807.2	5.80E-09	   
807.4	5.55E-09	   
807.6	5.31E-09	   
807.8	5.09E-09	   
808.0	4.89E-09	   
808.2	4.69E-09	   
808.4	4.51E-09	   
808.6	4.34E-09	   
808.8	4.17E-09	   
809.0	4.02E-09	   
809.2	3.88E-09	   
809.4	3.75E-09	   
809.6	3.63E-09	   
809.8	3.51E-09	   
810.0	3.40E-09	   
810.2	3.30E-09	   
810.4	3.21E-09	   
810.6	3.12E-09	   
810.8	3.03E-09	   
811.0	2.96E-09	   
811.2	2.89E-09	   
811.4	2.82E-09	   
811.6	2.76E-09	   
811.8	2.70E-09	   
812.0	2.65E-09	   
812.2	2.60E-09	   
812.4	2.55E-09	   
812.6	2.51E-09	   
812.8	2.47E-09	   
813.0	2.44E-09	   
813.2	2.41E-09	   
813.4	2.38E-09	   
813.6	2.36E-09	   
813.8	2.33E-09	   
814.0	2.31E-09	   
814.2	2.30E-09	   
814.4	2.28E-09	   
814.6	2.27E-09	   
814.8	2.26E-09	   
815.0	2.25E-09	   
815.2	2.25E-09	   
815.4	2.25E-09	   
815.6	2.25E-09	   
815.8	2.25E-09	   
816.0	2.25E-09	   
816.2	2.26E-09	   
816.4	2.27E-09	   
816.6	2.28E-09	   
816.8	2.30E-09	   
817.0	2.31E-09	   
817.2	2.33E-09	   
817.4	2.36E-09	   
817.6	2.38E-09	   
817.8	2.41E-09	   
818.0	2.44E-09	   
818.2	2.47E-09	   
818.4	2.51E-09	   
818.6	2.55E-09	   
818.8	2.59E-09	   
819.0	2.63E-09	   
819.2	2.68E-09	   
819.4	2.74E-09	   
819.6	2.80E-09	   
819.8	2.86E-09	   
820.0	2.93E-09	   
820.2	3.00E-09	   
820.4	3.08E-09	   
820.6	3.16E-09	   
820.8	3.25E-09	   
821.0	3.35E-09	   
821.2	3.45E-09	   
821.4	3.56E-09	   
821.6	3.68E-09	   
821.8	3.80E-09	   
822.0	3.93E-09	   
822.2	4.07E-09	   
822.4	4.21E-09	   
822.6	4.37E-09	   
822.8	4.52E-09	   
823.0	4.69E-09	   
823.2	4.86E-09	   
823.4	5.03E-09	   
823.6	5.20E-09	   
823.8	5.37E-09	   
824.0	5.54E-09	   
824.2	5.70E-09	   
824.4	5.85E-09	   
824.6	5.98E-09	   
824.8	6.10E-09	   
825.0	6.19E-09	   
825.2	6.26E-09	   
825.4	6.30E-09	   
825.6	6.31E-09	   
825.8	6.28E-09	   
826.0	6.23E-09	   
826.2	6.15E-09	   
826.4	6.04E-09	   
826.6	5.90E-09	   
826.8	5.74E-09	   
827.0	5.57E-09	   
827.2	5.38E-09	   
827.4	5.19E-09	   
827.6	4.99E-09	   
827.8	4.79E-09	   
828.0	4.59E-09	   
828.2	4.39E-09	   
828.4	4.21E-09	   
828.6	4.02E-09	   
828.8	3.85E-09	   
829.0	3.69E-09	   
829.2	3.53E-09	   
829.4	3.39E-09	   
829.6	3.26E-09	   
829.8	3.13E-09	   
830.0	3.02E-09	   
830.2	2.91E-09	   
830.4	2.82E-09	   
830.6	2.73E-09	   
830.8	2.65E-09	   
831.0	2.58E-09	   
831.2	2.51E-09	   
831.4	2.46E-09	   
831.6	2.41E-09	   
831.8	2.36E-09	   
832.0	2.32E-09	   
832.2	2.29E-09	   
832.4	2.27E-09	   
832.6	2.25E-09	   
832.8	2.24E-09	   
833.0	2.23E-09	   
833.2	2.23E-09	   
833.4	2.23E-09	   
833.6	2.25E-09	   
833.8	2.26E-09	   
834.0	2.29E-09	   
834.2	2.32E-09	   
834.4	2.36E-09	   
834.6	2.41E-09	   
834.8	2.47E-09	   
835.0	2.54E-09	   
835.2	2.62E-09	   
835.4	2.71E-09	   
835.6	2.82E-09	   
835.8	2.94E-09	   
836.0	3.08E-09	   
836.2	3.25E-09	   
836.4	3.44E-09	   
836.6	3.67E-09	   
836.8	3.93E-09	   
837.0	4.24E-09	   
837.2	4.61E-09	   
837.4	5.06E-09	   
837.6	5.59E-09	   
837.8	6.25E-09	   
838.0	7.06E-09	   
838.2	8.09E-09	   
838.4	9.41E-09	   
838.6	1.11E-08	   
838.8	1.34E-08	   
839.0	1.66E-08	   
839.2	2.09E-08	   
839.4	2.68E-08	   
839.6	3.44E-08	   
839.8	4.26E-08	   
840.0	4.89E-08	   
840.2	5.16E-08	   
840.4	5.11E-08	   
840.6	4.69E-08	   
840.8	3.86E-08	   
841.0	2.92E-08	   
841.2	2.13E-08	   
841.4	1.55E-08	   
841.6	1.15E-08	   
841.8	8.66E-09	   
842.0	6.69E-09	   
842.2	5.27E-09	   
842.4	4.22E-09	   
842.6	3.43E-09	   
842.8	2.83E-09	   
843.0	2.36E-09	   
843.2	1.99E-09	   
843.4	1.69E-09	   
843.6	1.45E-09	   
843.8	1.25E-09	   
844.0	1.09E-09	   
844.2	9.49E-10	   
844.4	8.33E-10	   
844.6	7.36E-10	   
844.8	6.52E-10	   
845.0	5.81E-10	   
845.2	5.19E-10	   
845.4	4.66E-10	   
845.6	4.19E-10	   
845.8	3.78E-10	   
846.0	3.43E-10	   
846.2	3.11E-10	   
846.4	2.84E-10	   
846.6	2.59E-10	   
846.8	2.37E-10	   
847.0	2.17E-10	   
847.2	2.00E-10	   
847.4	1.84E-10	   
847.6	1.70E-10	   
847.8	1.57E-10	   
848.0	1.46E-10	   
848.2	1.36E-10	   
848.4	1.26E-10	   
848.6	1.18E-10	   
848.8	1.10E-10	   
849.0	1.03E-10	   
849.2	9.62E-11	   
849.4	9.03E-11	   
849.6	8.48E-11	   
849.8	7.99E-11	   
850.0	7.53E-11	   
850.2	7.11E-11	   
850.4	6.72E-11	   
850.6	6.36E-11	   
850.8	6.03E-11	   
851.0	5.73E-11	   
851.2	5.45E-11	   
851.4	5.19E-11	   
851.6	4.94E-11	   
851.8	4.72E-11	   
852.0	4.51E-11	   
852.2	4.31E-11	   
852.4	4.13E-11	   
852.6	3.96E-11	   
852.8	3.81E-11	   
853.0	3.66E-11	   
853.2	3.52E-11	   
853.4	3.40E-11	   
853.6	3.28E-11	   
853.8	3.16E-11	   
854.0	3.06E-11	   
854.2	2.96E-11	   
854.4	2.87E-11	   
854.6	2.78E-11	   
854.8	2.70E-11	   
855.0	2.63E-11	   
855.2	2.56E-11	   
855.4	2.49E-11	   
855.6	2.43E-11	   
855.8	2.37E-11	   
856.0	2.32E-11	   
856.2	2.26E-11	   
856.4	2.22E-11	   
856.6	2.17E-11	   
856.8	2.13E-11	   
857.0	2.09E-11	   
857.2	2.05E-11	   
857.4	2.02E-11	   
857.6	1.99E-11	   
857.8	1.96E-11	   
858.0	1.93E-11	   
858.2	1.90E-11	   
858.4	1.88E-11	   
858.6	1.86E-11	   
858.8	1.84E-11	   
859.0	1.82E-11	   
859.2	1.80E-11	   
859.4	1.79E-11	   
859.6	1.77E-11	   
859.8	1.76E-11	   
860.0	1.75E-11	   
860.2	1.73E-11	   
860.4	1.72E-11	   
860.6	1.71E-11	   
860.8	1.70E-11	   
861.0	1.69E-11	   
861.2	1.69E-11	   
861.4	1.68E-11	   
861.6	1.68E-11	   
861.8	1.67E-11	   
862.0	1.67E-11	   
862.2	1.67E-11	   
862.4	1.66E-11	   
862.6	1.66E-11	   
862.8	1.66E-11	   
863.0	1.66E-11	   
863.2	1.67E-11	   
863.4	1.67E-11	   
863.6	1.67E-11	   
863.8	1.68E-11	   
864.0	1.68E-11	   
864.2	1.69E-11	   
864.4	1.70E-11	   
864.6	1.70E-11	   
864.8	1.71E-11	   
865.0	1.72E-11	   
865.2	1.73E-11	   
865.4	1.74E-11	   
865.6	1.75E-11	   
865.8	1.76E-11	   
866.0	1.77E-11	   
866.2	1.79E-11	   
866.4	1.80E-11	   
866.6	1.81E-11	   
866.8	1.83E-11	   
867.0	1.84E-11	   
867.2	1.86E-11	   
867.4	1.88E-11	   
867.6	1.89E-11	   
867.8	1.91E-11	   
868.0	1.93E-11	   
868.2	1.95E-11	   
868.4	1.97E-11	   
868.6	1.99E-11	   
868.8	2.01E-11	   
869.0	2.04E-11	   
869.2	2.06E-11	   
869.4	2.08E-11	   
869.6	2.11E-11	   
869.8	2.13E-11	   
870.0	2.16E-11	   
870.2	2.19E-11	   
870.4	2.21E-11	   
870.6	2.24E-11	   
870.8	2.27E-11	   
871.0	2.30E-11	   
871.2	2.33E-11	   
871.4	2.37E-11	   
871.6	2.40E-11	   
871.8	2.43E-11	   
872.0	2.47E-11	   
872.2	2.51E-11	   
872.4	2.55E-11	   
872.6	2.59E-11	   
872.8	2.63E-11	   
873.0	2.67E-11	   
873.2	2.71E-11	   
873.4	2.76E-11	   
873.6	2.81E-11	   
873.8	2.85E-11	   
874.0	2.91E-11	   
874.2	2.96E-11	   
874.4	3.01E-11	   
874.6	3.07E-11	   
874.8	3.13E-11	   
875.0	3.19E-11	   
875.2	3.26E-11	   
875.4	3.32E-11	   
875.6	3.39E-11	   
875.8	3.46E-11	   
876.0	3.54E-11	   
876.2	3.62E-11	   
876.4	3.70E-11	   
876.6	3.78E-11	   
876.8	3.87E-11	   
877.0	3.97E-11	   
877.2	4.06E-11	   
877.4	4.17E-11	   
877.6	4.27E-11	   
877.8	4.38E-11	   
878.0	4.50E-11	   
878.2	4.62E-11	   
878.4	4.75E-11	   
878.6	4.88E-11	   
878.8	5.02E-11	   
879.0	5.17E-11	   
879.2	5.32E-11	   
879.4	5.49E-11	   
879.6	5.66E-11	   
879.8	5.83E-11	   
880.0	6.02E-11	   
880.2	6.22E-11	   
880.4	6.42E-11	   
880.6	6.64E-11	   
880.8	6.87E-11	   
881.0	7.11E-11	   
881.2	7.36E-11	   
881.4	7.63E-11	   
881.6	7.91E-11	   
881.8	8.21E-11	   
882.0	8.52E-11	   
882.2	8.85E-11	   
882.4	9.20E-11	   
882.6	9.57E-11	   
882.8	9.96E-11	   
883.0	1.04E-10	   
883.2	1.08E-10	   
883.4	1.13E-10	   
883.6	1.17E-10	   
883.8	1.23E-10	   
884.0	1.28E-10	   
884.2	1.34E-10	   
884.4	1.40E-10	   
884.6	1.46E-10	   
884.8	1.53E-10	   
885.0	1.61E-10	   
885.2	1.68E-10	   
885.4	1.77E-10	   
885.6	1.85E-10	   
885.8	1.95E-10	   
886.0	2.04E-10	   
886.2	2.15E-10	   
886.4	2.26E-10	   
886.6	2.38E-10	   
886.8	2.51E-10	   
887.0	2.64E-10	   
887.2	2.79E-10	   
887.4	2.94E-10	   
887.6	3.10E-10	   
887.8	3.28E-10	   
888.0	3.47E-10	   
888.2	3.67E-10	   
888.4	3.88E-10	   
888.6	4.11E-10	   
888.8	4.35E-10	   
889.0	4.62E-10	   
889.2	4.90E-10	   
889.4	5.20E-10	   
889.6	5.52E-10	   
889.8	5.87E-10	   
890.0	6.24E-10	   
890.2	6.65E-10	   
890.4	7.08E-10	   
890.6	7.54E-10	   
890.8	8.04E-10	   
891.0	8.58E-10	   
891.2	9.16E-10	   
891.4	9.79E-10	   
891.6	1.05E-09	   
891.8	1.12E-09	   
892.0	1.20E-09	   
892.2	1.29E-09	   
892.4	1.38E-09	   
892.6	1.48E-09	   
892.8	1.59E-09	   
893.0	1.71E-09	   
893.2	1.84E-09	   
893.4	1.98E-09	   
893.6	2.14E-09	   
893.8	2.30E-09	   
894.0	2.49E-09	   
894.2	2.69E-09	   
894.4	2.91E-09	   
894.6	3.16E-09	   
894.8	3.42E-09	   
895.0	3.72E-09	   
895.2	4.04E-09	   
895.4	4.40E-09	   
895.6	4.80E-09	   
895.8	5.24E-09	   
896.0	5.73E-09	   
896.2	6.27E-09	   
896.4	6.87E-09	   
896.6	7.55E-09	   
896.8	8.31E-09	   
897.0	9.15E-09	   
897.2	1.01E-08	   
897.4	1.12E-08	   
897.6	1.24E-08	   
897.8	1.38E-08	   
898.0	1.53E-08	   
898.2	1.71E-08	   
898.4	1.92E-08	   
898.6	2.15E-08	   
898.8	2.42E-08	   
899.0	2.73E-08	   
899.2	3.09E-08	   
899.4	3.51E-08	   
899.6	4.00E-08	   
899.8	4.58E-08	   
900.0	5.26E-08	   
900.2	6.07E-08	   
900.4	7.04E-08	   
900.6	8.21E-08	   
900.8	9.62E-08	   
901.0	1.13E-07	   
901.2	1.35E-07	   
901.4	1.61E-07	   
901.6	1.94E-07	   
901.8	2.37E-07	   
902.0	2.91E-07	   
902.2	3.62E-07	   
902.4	4.58E-07	   
902.6	5.87E-07	   
902.8	7.68E-07	   
903.0	1.03E-06	   
903.2	1.42E-06	   
903.4	2.04E-06	   
903.6	3.09E-06	   
903.8	5.03E-06	   
904.0	9.20E-06	   
904.2	2.05E-05	   
904.4	6.79E-05	   
904.6	2.81E-04	   
904.8	9.25E-05	   
905.0	4.71E-05	   
905.2	8.35E-05	   
905.4	2.39E-04	   
905.6	6.48E-05	   
905.8	2.64E-05	   
906.0	1.55E-05	   
906.2	1.08E-05	   
906.4	8.42E-06	   
906.6	6.99E-06	   
906.8	6.07E-06	   
907.0	5.47E-06	   
907.2	5.06E-06	   
907.4	4.80E-06	   
907.6	4.64E-06	   
907.8	4.56E-06	   
908.0	4.56E-06	   
908.2	4.62E-06	   
908.4	4.75E-06	   
908.6	4.95E-06	   
908.8	5.22E-06	   
909.0	5.58E-06	   
909.2	6.04E-06	   
909.4	6.64E-06	   
909.6	7.40E-06	   
909.8	8.37E-06	   
910.0	9.64E-06	   
910.2	1.13E-05	   
910.4	1.36E-05	   
910.6	1.67E-05	   
910.8	2.13E-05	   
911.0	2.82E-05	   
911.2	3.94E-05	   
911.4	5.89E-05	   
911.6	9.69E-05	   
911.8	1.79E-04	   
912.0	3.33E-04	   
912.2	3.78E-04	   
912.4	2.76E-04	   
912.6	2.82E-04	   
912.8	3.60E-04	   
913.0	2.66E-04	   
913.2	1.45E-04	   
913.4	8.50E-05	   
913.6	5.60E-05	   
913.8	4.01E-05	   
914.0	3.05E-05	   
914.2	2.43E-05	   
914.4	2.01E-05	   
914.6	1.70E-05	   
914.8	1.48E-05	   
915.0	1.31E-05	   
915.2	1.17E-05	   
915.4	1.07E-05	   
915.6	9.85E-06	   
915.8	9.19E-06	   
916.0	8.65E-06	   
916.2	8.22E-06	   
916.4	7.88E-06	   
916.6	7.62E-06	   
916.8	7.42E-06	   
917.0	7.27E-06	   
917.2	7.18E-06	   
917.4	7.13E-06	   
917.6	7.13E-06	   
917.8	7.17E-06	   
918.0	7.26E-06	   
918.2	7.39E-06	   
918.4	7.56E-06	   
918.6	7.79E-06	   
918.8	8.07E-06	   
919.0	8.41E-06	   
919.2	8.82E-06	   
919.4	9.31E-06	   
919.6	9.88E-06	   
919.8	1.06E-05	   
920.0	1.14E-05	   
920.2	1.24E-05	   
920.4	1.35E-05	   
920.6	1.49E-05	   
920.8	1.66E-05	   
921.0	1.87E-05	   
921.2	2.13E-05	   
921.4	2.46E-05	   
921.6	2.87E-05	   
921.8	3.42E-05	   
922.0	4.15E-05	   
922.2	5.16E-05	   
922.4	6.59E-05	   
922.6	8.70E-05	   
922.8	1.19E-04	   
923.0	1.69E-04	   
923.2	2.45E-04	   
923.4	3.37E-04	   
923.6	3.94E-04	   
923.8	3.91E-04	   
924.0	3.82E-04	   
924.2	3.74E-04	   
924.4	3.18E-04	   
924.6	2.32E-04	   
924.8	1.63E-04	   
925.0	1.16E-04	   
925.2	8.56E-05	   
925.4	6.56E-05	   
925.6	5.18E-05	   
925.8	4.21E-05	   
926.0	3.49E-05	   
926.2	2.95E-05	   
926.4	2.54E-05	   
926.6	2.21E-05	   
926.8	1.94E-05	   
927.0	1.73E-05	   
927.2	1.55E-05	   
927.4	1.40E-05	   
927.6	1.28E-05	   
927.8	1.17E-05	   
928.0	1.08E-05	   
928.2	1.01E-05	   
928.4	9.39E-06	   
928.6	8.79E-06	   
928.8	8.28E-06	   
929.0	7.82E-06	   
929.2	7.42E-06	   
929.4	7.06E-06	   
929.6	6.74E-06	   
929.8	6.46E-06	   
930.0	6.21E-06	   
930.2	5.98E-06	   
930.4	5.78E-06	   
930.6	5.60E-06	   
930.8	5.44E-06	   
931.0	5.30E-06	   
931.2	5.18E-06	   
931.4	5.07E-06	   
931.6	4.97E-06	   
931.8	4.89E-06	   
932.0	4.82E-06	   
932.2	4.76E-06	   
932.4	4.71E-06	   
932.6	4.67E-06	   
932.8	4.64E-06	   
933.0	4.63E-06	   
933.2	4.62E-06	   
933.4	4.62E-06	   
933.6	4.63E-06	   
933.8	4.66E-06	   
934.0	4.69E-06	   
934.2	4.73E-06	   
934.4	4.79E-06	   
934.6	4.85E-06	   
934.8	4.93E-06	   
935.0	5.02E-06	   
935.2	5.12E-06	   
935.4	5.24E-06	   
935.6	5.37E-06	   
935.8	5.52E-06	   
936.0	5.69E-06	   
936.2	5.88E-06	   
936.4	6.10E-06	   
936.6	6.33E-06	   
936.8	6.60E-06	   
937.0	6.89E-06	   
937.2	7.23E-06	   
937.4	7.60E-06	   
937.6	8.01E-06	   
937.8	8.48E-06	   
938.0	9.01E-06	   
938.2	9.60E-06	   
938.4	1.03E-05	   
938.6	1.10E-05	   
938.8	1.19E-05	   
939.0	1.29E-05	   
939.2	1.41E-05	   
939.4	1.54E-05	   
939.6	1.70E-05	   
939.8	1.88E-05	   
940.0	2.10E-05	   
940.2	2.36E-05	   
940.4	2.67E-05	   
940.6	3.05E-05	   
940.8	3.51E-05	   
941.0	4.08E-05	   
941.2	4.79E-05	   
941.4	5.69E-05	   
941.6	6.83E-05	   
941.8	8.28E-05	   
942.0	1.01E-04	   
942.2	1.24E-04	   
942.4	1.52E-04	   
942.6	1.83E-04	   
942.8	2.14E-04	   
943.0	2.38E-04	   
943.2	2.51E-04	   
943.4	2.50E-04	   
943.6	2.36E-04	   
943.8	2.12E-04	   
944.0	1.83E-04	   
944.2	1.54E-04	   
944.4	1.28E-04	   
944.6	1.08E-04	   
944.8	9.06E-05	   
945.0	7.71E-05	   
945.2	6.64E-05	   
945.4	5.78E-05	   
945.6	5.08E-05	   
945.8	4.51E-05	   
946.0	4.04E-05	   
946.2	3.65E-05	   
946.4	3.33E-05	   
946.6	3.05E-05	   
946.8	2.81E-05	   
947.0	2.61E-05	   
947.2	2.44E-05	   
947.4	2.29E-05	   
947.6	2.16E-05	   
947.8	2.04E-05	   
948.0	1.94E-05	   
948.2	1.86E-05	   
948.4	1.78E-05	   
948.6	1.71E-05	   
948.8	1.65E-05	   
949.0	1.60E-05	   
949.2	1.55E-05	   
949.4	1.51E-05	   
949.6	1.48E-05	   
949.8	1.44E-05	   
950.0	1.42E-05	   
950.2	1.39E-05	   
950.4	1.37E-05	   
950.6	1.36E-05	   
950.8	1.34E-05	   
951.0	1.33E-05	   
951.2	1.33E-05	   
951.4	1.32E-05	   
951.6	1.32E-05	   
951.8	1.32E-05	   
952.0	1.32E-05	   
952.2	1.33E-05	   
952.4	1.34E-05	   
952.6	1.35E-05	   
952.8	1.36E-05	   
953.0	1.38E-05	   
953.2	1.40E-05	   
953.4	1.42E-05	   
953.6	1.45E-05	   
953.8	1.48E-05	   
954.0	1.51E-05	   
954.2	1.55E-05	   
954.4	1.59E-05	   
954.6	1.63E-05	   
954.8	1.68E-05	   
955.0	1.74E-05	   
955.2	1.80E-05	   
955.4	1.87E-05	   
955.6	1.95E-05	   
955.8	2.04E-05	   
956.0	2.14E-05	   
956.2	2.25E-05	   
956.4	2.37E-05	   
956.6	2.51E-05	   
956.8	2.67E-05	   
957.0	2.84E-05	   
957.2	3.05E-05	   
957.4	3.28E-05	   
957.6	3.54E-05	   
957.8	3.85E-05	   
958.0	4.21E-05	   
958.2	4.62E-05	   
958.4	5.11E-05	   
958.6	5.69E-05	   
958.8	6.38E-05	   
959.0	7.21E-05	   
959.2	8.20E-05	   
959.4	9.41E-05	   
959.6	1.09E-04	   
959.8	1.26E-04	   
960.0	1.47E-04	   
960.2	1.70E-04	   
960.4	1.96E-04	   
960.6	2.22E-04	   
960.8	2.45E-04	   
961.0	2.62E-04	   
961.2	2.68E-04	   
961.4	2.63E-04	   
961.6	2.47E-04	   
961.8	2.24E-04	   
962.0	1.96E-04	   
962.2	1.69E-04	   
962.4	1.43E-04	   
962.6	1.21E-04	   
962.8	1.03E-04	   
963.0	8.75E-05	   
963.2	7.50E-05	   
963.4	6.47E-05	   
963.6	5.64E-05	   
963.8	4.94E-05	   
964.0	4.37E-05	   
964.2	3.89E-05	   
964.4	3.49E-05	   
964.6	3.14E-05	   
964.8	2.85E-05	   
965.0	2.60E-05	   
965.2	2.39E-05	   
965.4	2.20E-05	   
965.6	2.04E-05	   
965.8	1.89E-05	   
966.0	1.77E-05	   
966.2	1.66E-05	   
966.4	1.56E-05	   
966.6	1.47E-05	   
966.8	1.40E-05	   
967.0	1.33E-05	   
967.2	1.27E-05	   
967.4	1.21E-05	   
967.6	1.16E-05	   
967.8	1.12E-05	   
968.0	1.08E-05	   
968.2	1.05E-05	   
968.4	1.02E-05	   
968.6	9.88E-06	   
968.8	9.63E-06	   
969.0	9.41E-06	   
969.2	9.22E-06	   
969.4	9.06E-06	   
969.6	8.91E-06	   
969.8	8.79E-06	   
970.0	8.69E-06	   
970.2	8.61E-06	   
970.4	8.55E-06	   
970.6	8.51E-06	   
970.8	8.49E-06	   
971.0	8.48E-06	   
971.2	8.49E-06	   
971.4	8.52E-06	   
971.6	8.57E-06	   
971.8	8.63E-06	   
972.0	8.71E-06	   
972.2	8.81E-06	   
972.4	8.93E-06	   
972.6	9.07E-06	   
972.8	9.23E-06	   
973.0	9.42E-06	   
973.2	9.62E-06	   
973.4	9.86E-06	   
973.6	1.01E-05	   
973.8	1.04E-05	   
974.0	1.07E-05	   
974.2	1.11E-05	   
974.4	1.15E-05	   
974.6	1.19E-05	   
974.8	1.23E-05	   
975.0	1.29E-05	   
975.2	1.34E-05	   
975.4	1.40E-05	   
975.6	1.47E-05	   
975.8	1.55E-05	   
976.0	1.63E-05	   
976.2	1.72E-05	   
976.4	1.82E-05	   
976.6	1.93E-05	   
976.8	2.05E-05	   
977.0	2.18E-05	   
977.2	2.33E-05	   
977.4	2.50E-05	   
977.6	2.68E-05	   
977.8	2.88E-05	   
978.0	3.11E-05	   
978.2	3.36E-05	   
978.4	3.63E-05	   
978.6	3.94E-05	   
978.8	4.28E-05	   
979.0	4.65E-05	   
979.2	5.06E-05	   
979.4	5.52E-05	   
979.6	6.02E-05	   
979.8	6.56E-05	   
980.0	7.14E-05	   
980.2	7.77E-05	   
980.4	8.43E-05	   
980.6	9.11E-05	   
980.8	9.82E-05	   
981.0	1.05E-04	   
981.2	1.12E-04	   
981.4	1.19E-04	   
981.6	1.25E-04	   
981.8	1.30E-04	   
982.0	1.34E-04	   
982.2	1.37E-04	   
982.4	1.40E-04	   
982.6	1.41E-04	   
982.8	1.41E-04	   
983.0	1.40E-04	   
983.2	1.39E-04	   
983.4	1.36E-04	   
983.6	1.34E-04	   
983.8	1.31E-04	   
984.0	1.27E-04	   
984.2	1.24E-04	   
984.4	1.21E-04	   
984.6	1.18E-04	   
984.8	1.14E-04	   
985.0	1.11E-04	   
985.2	1.08E-04	   
985.4	1.06E-04	   
985.6	1.03E-04	   
985.8	1.01E-04	   
986.0	9.89E-05	   
986.2	9.69E-05	   
986.4	9.52E-05	   
986.6	9.35E-05	   
986.8	9.20E-05	   
987.0	9.06E-05	   
987.2	8.93E-05	   
987.4	8.81E-05	   
987.6	8.70E-05	   
987.8	8.59E-05	   
988.0	8.49E-05	   
988.2	8.39E-05	   
988.4	8.30E-05	   
988.6	8.20E-05	   
988.8	8.10E-05	   
989.0	8.00E-05	   
989.2	7.90E-05	   
989.4	7.80E-05	   
989.6	7.69E-05	   
989.8	7.57E-05	   
990.0	7.45E-05	   
990.2	7.33E-05	   
990.4	7.20E-05	   
990.6	7.07E-05	   
990.8	6.93E-05	   
991.0	6.79E-05	   
991.2	6.65E-05	   
991.4	6.50E-05	   
991.6	6.36E-05	   
991.8	6.21E-05	   
992.0	6.06E-05	   
992.2	5.92E-05	   
992.4	5.77E-05	   
992.6	5.63E-05	   
992.8	5.49E-05	   
993.0	5.35E-05	   
993.2	5.22E-05	   
993.4	5.10E-05	   
993.6	4.98E-05	   
993.8	4.86E-05	   
994.0	4.75E-05	   
994.2	4.65E-05	   
994.4	4.55E-05	   
994.6	4.46E-05	   
994.8	4.37E-05	   
995.0	4.29E-05	   
995.2	4.22E-05	   
995.4	4.15E-05	   
995.6	4.09E-05	   
995.8	4.04E-05	   
996.0	3.99E-05	   
996.2	3.95E-05	   
996.4	3.91E-05	   
996.6	3.88E-05	   
996.8	3.86E-05	   
997.0	3.84E-05	   
997.2	3.83E-05	   
997.4	3.83E-05	   
997.6	3.83E-05	   
997.8	3.84E-05	   
998.0	3.86E-05	   
998.2	3.88E-05	   
998.4	3.91E-05	   
998.6	3.95E-05	   
998.8	3.99E-05	   
999.0	4.05E-05	   
999.2	4.11E-05	   
999.4	4.18E-05	   
999.6	4.27E-05	   
999.8	4.36E-05	   
1000.0	4.46E-05	   
		   
		   
		 
