350.0	6.61E-10
350.2	8.97E-10
350.4	1.19E-09
350.6	1.55E-09
350.8	1.91E-09
351.0	2.23E-09
351.2	2.44E-09
351.4	2.52E-09
351.6	2.52E-09
351.8	2.51E-09
352.0	2.51E-09
352.2	2.53E-09
352.4	2.53E-09
352.6	2.49E-09
352.8	2.36E-09
353.0	2.14E-09
353.2	1.89E-09
353.4	1.65E-09
353.6	1.44E-09
353.8	1.29E-09
354.0	1.19E-09
354.2	1.14E-09
354.4	1.14E-09
354.6	1.19E-09
354.8	1.30E-09
355.0	1.47E-09
355.2	1.60E-09
355.4	1.56E-09
355.6	1.30E-09
355.8	1.01E-09
356.0	7.94E-10
356.2	6.80E-10
356.4	6.46E-10
356.6	6.88E-10
356.8	8.23E-10
357.0	1.11E-09
357.2	1.63E-09
357.4	2.48E-09
357.6	3.27E-09
357.8	3.31E-09
358.0	2.85E-09
358.2	2.48E-09
358.4	2.37E-09
358.6	2.56E-09
358.8	3.17E-09
359.0	4.50E-09
359.2	7.29E-09
359.4	1.23E-08
359.6	1.62E-08
359.8	1.45E-08
360.0	1.15E-08
360.2	9.96E-09
360.4	1.01E-08
360.6	1.21E-08
360.8	1.70E-08
361.0	2.82E-08
361.2	5.61E-08
361.4	1.33E-07
361.6	3.26E-07
361.8	4.98E-07
362.0	4.61E-07
362.2	4.28E-07
362.4	4.73E-07
362.6	6.29E-07
362.8	1.01E-06
363.0	2.00E-06
363.2	5.10E-06
363.4	1.75E-05
363.6	7.04E-05
363.8	1.67E-04
364.0	1.71E-04
364.2	7.68E-05
364.4	3.17E-05
364.6	1.79E-05
364.8	1.37E-05
365.0	1.38E-05
365.2	1.69E-05
365.4	2.55E-05
365.6	4.89E-05
365.8	1.21E-04
366.0	3.10E-04
366.2	4.00E-04
366.4	3.60E-04
366.6	3.38E-04
366.8	1.98E-04
367.0	7.91E-05
367.2	3.61E-05
367.4	2.09E-05
367.6	1.51E-05
367.8	1.34E-05
368.0	1.45E-05
368.2	1.97E-05
368.4	3.53E-05
368.6	8.76E-05
368.8	1.59E-04
369.0	8.05E-05
369.2	4.21E-05
369.4	3.08E-05
369.6	2.98E-05
369.8	3.66E-05
370.0	5.57E-05
370.2	9.52E-05
370.4	1.20E-04
370.6	9.56E-05
370.8	7.69E-05
371.0	8.09E-05
371.2	1.23E-04
371.4	2.75E-04
371.6	2.34E-04
371.8	7.28E-05
372.0	3.17E-05
372.2	1.91E-05
372.4	1.46E-05
372.6	1.37E-05
372.8	1.54E-05
373.0	2.12E-05
373.2	3.72E-05
373.4	9.33E-05
373.6	3.41E-04
373.8	3.03E-04
374.0	1.20E-04
374.2	7.52E-05
374.4	6.68E-05
374.6	7.82E-05
374.8	1.11E-04
375.0	1.44E-04
375.2	1.14E-04
375.4	7.15E-05
375.6	5.04E-05
375.8	4.43E-05
376.0	5.03E-05
376.2	7.97E-05
376.4	1.98E-04
376.6	2.86E-04
376.8	7.88E-05
377.0	2.99E-05
377.2	1.63E-05
377.4	1.12E-05
377.6	9.32E-06
377.8	9.04E-06
378.0	1.02E-05
378.2	1.35E-05
378.4	2.19E-05
378.6	4.72E-05
378.8	1.52E-04
379.0	2.86E-04
379.2	1.07E-04
379.4	5.37E-05
379.6	3.92E-05
379.8	3.75E-05
380.0	4.42E-05
380.2	5.71E-05
380.4	6.55E-05
380.6	5.44E-05
380.8	3.81E-05
381.0	2.83E-05
381.2	2.45E-05
381.4	2.55E-05
381.6	3.28E-05
381.8	5.60E-05
382.0	1.41E-04
382.2	2.79E-04
382.4	9.89E-05
382.6	3.84E-05
382.8	2.10E-05
383.0	1.44E-05
383.2	1.16E-05
383.4	1.08E-05
383.6	1.13E-05
383.8	1.37E-05
384.0	1.97E-05
384.2	3.59E-05
384.4	9.01E-05
384.6	1.80E-04
384.8	7.91E-05
385.0	3.44E-05
385.2	2.08E-05
385.4	1.64E-05
385.6	1.59E-05
385.8	1.86E-05
386.0	2.50E-05
386.2	3.38E-05
386.4	3.42E-05
386.6	2.50E-05
386.8	1.76E-05
387.0	1.41E-05
387.2	1.34E-05
387.4	1.52E-05
387.6	2.10E-05
387.8	3.21E-05
388.0	3.54E-05
388.2	2.08E-05
388.4	1.07E-05
388.6	6.27E-06
388.8	4.28E-06
389.0	3.33E-06
389.2	2.92E-06
389.4	2.86E-06
389.6	3.13E-06
389.8	3.88E-06
390.0	5.61E-06
390.2	9.57E-06
390.4	2.16E-05
390.6	7.61E-05
390.8	1.44E-04
391.0	4.64E-05
391.2	2.18E-05
391.4	1.48E-05
391.6	1.27E-05
391.8	1.30E-05
392.0	1.55E-05
392.2	2.06E-05
392.4	2.87E-05
392.6	3.70E-05
392.8	4.00E-05
393.0	3.82E-05
393.2	3.67E-05
393.4	3.85E-05
393.6	4.56E-05
393.8	6.10E-05
394.0	8.76E-05
394.2	1.12E-04
394.4	9.19E-05
394.6	5.32E-05
394.8	2.95E-05
395.0	1.79E-05
395.2	1.21E-05
395.4	9.26E-06
395.6	8.07E-06
395.8	8.12E-06
396.0	9.63E-06
396.2	1.40E-05
396.4	2.52E-05
396.6	3.79E-05
396.8	2.17E-05
397.0	9.78E-06
397.2	5.44E-06
397.4	3.76E-06
397.6	3.15E-06
397.8	3.16E-06
398.0	3.85E-06
398.2	5.75E-06
398.4	8.43E-06
398.6	5.63E-06
398.8	2.25E-06
399.0	9.91E-07
399.2	5.19E-07
399.4	3.11E-07
399.6	2.07E-07
399.8	1.49E-07
400.0	1.14E-07
400.2	9.27E-08
400.4	7.76E-08
400.6	6.62E-08
400.8	5.65E-08
401.0	4.77E-08
401.2	3.94E-08
401.4	3.18E-08
401.6	2.54E-08
401.8	2.02E-08
402.0	1.63E-08
402.2	1.34E-08
402.4	1.13E-08
402.6	9.92E-09
402.8	9.00E-09
403.0	8.48E-09
403.2	8.31E-09
403.4	8.46E-09
403.6	8.96E-09
403.8	9.87E-09
404.0	1.13E-08
404.2	1.36E-08
404.4	1.69E-08
404.6	2.21E-08
404.8	3.02E-08
405.0	4.32E-08
405.2	6.49E-08
405.4	1.03E-07
405.6	1.72E-07
405.8	3.07E-07
406.0	5.86E-07
406.2	1.21E-06
406.4	2.74E-06
406.6	7.03E-06
406.8	2.17E-05
407.0	9.10E-05
407.2	3.91E-04
407.4	2.18E-04
407.6	9.74E-05
407.8	5.85E-05
408.0	4.14E-05
408.2	3.23E-05
408.4	2.72E-05
408.6	2.46E-05
408.8	2.40E-05
409.0	2.55E-05
409.2	3.01E-05
409.4	4.08E-05
409.6	6.63E-05
409.8	1.28E-04
410.0	1.59E-04
410.2	7.35E-05
410.4	3.12E-05
410.6	1.60E-05
410.8	9.71E-06
411.0	6.69E-06
411.2	5.11E-06
411.4	4.29E-06
411.6	3.91E-06
411.8	3.89E-06
412.0	4.22E-06
412.2	5.03E-06
412.4	6.67E-06
412.6	9.91E-06
412.8	1.61E-05
413.0	2.37E-05
413.2	2.20E-05
413.4	1.40E-05
413.6	8.70E-06
413.8	5.96E-06
414.0	4.54E-06
414.2	3.78E-06
414.4	3.40E-06
414.6	3.25E-06
414.8	3.28E-06
415.0	3.47E-06
415.2	3.81E-06
415.4	4.33E-06
415.6	5.06E-06
415.8	6.07E-06
416.0	7.42E-06
416.2	9.12E-06
416.4	1.10E-05
416.6	1.25E-05
416.8	1.29E-05
417.0	1.19E-05
417.2	1.02E-05
417.4	8.56E-06
417.6	7.25E-06
417.8	6.34E-06
418.0	5.79E-06
418.2	5.54E-06
418.4	5.56E-06
418.6	5.87E-06
418.8	6.51E-06
419.0	7.61E-06
419.2	9.41E-06
419.4	1.24E-05
419.6	1.74E-05
419.8	2.66E-05
420.0	4.46E-05
420.2	8.24E-05
420.4	1.67E-04
420.6	3.23E-04
420.8	4.03E-04
421.0	3.21E-04
421.2	2.40E-04
421.4	1.97E-04
421.6	1.77E-04
421.8	1.69E-04
422.0	1.62E-04
422.2	1.50E-04
422.4	1.31E-04
422.6	1.09E-04
422.8	8.90E-05
423.0	7.37E-05
423.2	6.35E-05
423.4	5.78E-05
423.6	5.61E-05
423.8	5.81E-05
424.0	6.42E-05
424.2	7.47E-05
424.4	8.71E-05
424.6	9.20E-05
424.8	7.88E-05
425.0	5.57E-05
425.2	3.66E-05
425.4	2.43E-05
425.6	1.70E-05
425.8	1.26E-05
426.0	9.87E-06
426.2	8.16E-06
426.4	7.10E-06
426.6	6.48E-06
426.8	6.19E-06
427.0	6.18E-06
427.2	6.45E-06
427.4	7.03E-06
427.6	8.00E-06
427.8	9.51E-06
428.0	1.18E-05
428.2	1.50E-05
428.4	1.91E-05
428.6	2.35E-05
428.8	2.61E-05
429.0	2.54E-05
429.2	2.21E-05
429.4	1.83E-05
429.6	1.51E-05
429.8	1.28E-05
430.0	1.13E-05
430.2	1.03E-05
430.4	9.87E-06
430.6	9.85E-06
430.8	1.03E-05
431.0	1.12E-05
431.2	1.28E-05
431.4	1.55E-05
431.6	1.99E-05
431.8	2.74E-05
432.0	4.10E-05
432.2	6.80E-05
432.4	1.29E-04
432.6	2.89E-04
432.8	7.59E-04
433.0	1.76E-03
433.2	2.21E-03
433.4	2.09E-03
433.6	1.56E-03
433.8	9.77E-04
434.0	4.36E-04
434.2	1.62E-04
434.4	6.94E-05
434.6	3.49E-05
434.8	1.99E-05
435.0	1.25E-05
435.2	8.43E-06
435.4	6.05E-06
435.6	4.56E-06
435.8	3.58E-06
436.0	2.91E-06
436.2	2.44E-06
436.4	2.10E-06
436.6	1.86E-06
436.8	1.68E-06
437.0	1.56E-06
437.2	1.48E-06
437.4	1.44E-06
437.6	1.44E-06
437.8	1.48E-06
438.0	1.56E-06
438.2	1.68E-06
438.4	1.84E-06
438.6	2.02E-06
438.8	2.20E-06
439.0	2.32E-06
439.2	2.30E-06
439.4	2.13E-06
439.6	1.86E-06
439.8	1.57E-06
440.0	1.30E-06
440.2	1.10E-06
440.4	9.36E-07
440.6	8.18E-07
440.8	7.32E-07
441.0	6.71E-07
441.2	6.28E-07
441.4	5.99E-07
441.6	5.77E-07
441.8	5.59E-07
442.0	5.39E-07
442.2	5.13E-07
442.4	4.80E-07
442.6	4.41E-07
442.8	3.99E-07
443.0	3.59E-07
443.2	3.24E-07
443.4	2.95E-07
443.6	2.74E-07
443.8	2.61E-07
444.0	2.56E-07
444.2	2.59E-07
444.4	2.72E-07
444.6	2.95E-07
444.8	3.31E-07
445.0	3.84E-07
445.2	4.53E-07
445.4	5.35E-07
445.6	6.12E-07
445.8	6.56E-07
446.0	6.46E-07
446.2	5.92E-07
446.4	5.21E-07
446.6	4.55E-07
446.8	4.03E-07
447.0	3.66E-07
447.2	3.41E-07
447.4	3.26E-07
447.6	3.17E-07
447.8	3.12E-07
448.0	3.07E-07
448.2	2.99E-07
448.4	2.86E-07
448.6	2.68E-07
448.8	2.48E-07
449.0	2.27E-07
449.2	2.08E-07
449.4	1.92E-07
449.6	1.79E-07
449.8	1.70E-07
450.0	1.64E-07
450.2	1.61E-07
450.4	1.61E-07
450.6	1.62E-07
450.8	1.65E-07
451.0	1.68E-07
451.2	1.71E-07
451.4	1.71E-07
451.6	1.69E-07
451.8	1.62E-07
452.0	1.53E-07
452.2	1.41E-07
452.4	1.29E-07
452.6	1.18E-07
452.8	1.08E-07
453.0	9.95E-08
453.2	9.37E-08
453.4	9.04E-08
453.6	8.96E-08
453.8	9.18E-08
454.0	9.75E-08
454.2	1.08E-07
454.4	1.26E-07
454.6	1.56E-07
454.8	2.07E-07
455.0	3.01E-07
455.2	4.88E-07
455.4	8.76E-07
455.6	1.44E-06
455.8	1.33E-06
456.0	7.65E-07
456.2	4.36E-07
456.4	2.77E-07
456.6	1.96E-07
456.8	1.50E-07
457.0	1.23E-07
457.2	1.07E-07
457.4	9.70E-08
457.6	9.15E-08
457.8	8.91E-08
458.0	8.93E-08
458.2	9.15E-08
458.4	9.56E-08
458.6	1.01E-07
458.8	1.09E-07
459.0	1.19E-07
459.2	1.32E-07
459.4	1.47E-07
459.6	1.68E-07
459.8	1.96E-07
460.0	2.35E-07
460.2	2.89E-07
460.4	3.67E-07
460.6	4.85E-07
460.8	6.61E-07
461.0	9.04E-07
461.2	1.16E-06
461.4	1.28E-06
461.6	1.16E-06
461.8	9.27E-07
462.0	7.15E-07
462.2	5.61E-07
462.4	4.58E-07
462.6	3.89E-07
462.8	3.45E-07
463.0	3.17E-07
463.2	3.01E-07
463.4	2.95E-07
463.6	2.96E-07
463.8	3.04E-07
464.0	3.19E-07
464.2	3.40E-07
464.4	3.70E-07
464.6	4.09E-07
464.8	4.59E-07
465.0	5.25E-07
465.2	6.12E-07
465.4	7.28E-07
465.6	8.84E-07
465.8	1.10E-06
466.0	1.39E-06
466.2	1.77E-06
466.4	2.25E-06
466.6	2.78E-06
466.8	3.23E-06
467.0	3.48E-06
467.2	3.50E-06
467.4	3.35E-06
467.6	3.16E-06
467.8	3.01E-06
468.0	2.92E-06
468.2	2.92E-06
468.4	3.01E-06
468.6	3.20E-06
468.8	3.51E-06
469.0	3.94E-06
469.2	4.52E-06
469.4	5.27E-06
469.6	6.21E-06
469.8	7.38E-06
470.0	8.85E-06
470.2	1.07E-05
470.4	1.32E-05
470.6	1.66E-05
470.8	2.16E-05
471.0	2.91E-05
471.2	4.06E-05
471.4	5.69E-05
471.6	7.50E-05
471.8	8.54E-05
472.0	8.24E-05
472.2	7.22E-05
472.4	6.29E-05
472.6	5.78E-05
472.8	5.76E-05
473.0	6.35E-05
473.2	7.94E-05
473.4	1.17E-04
473.6	2.14E-04
473.8	4.53E-04
474.0	5.86E-04
474.2	4.49E-04
474.4	1.66E-04
474.6	7.89E-05
474.8	4.72E-05
475.0	3.29E-05
475.2	2.56E-05
475.4	2.17E-05
475.6	1.97E-05
475.8	1.90E-05
476.0	1.94E-05
476.2	2.09E-05
476.4	2.37E-05
476.6	2.82E-05
476.8	3.52E-05
477.0	4.61E-05
477.2	6.30E-05
477.4	8.91E-05
477.6	1.28E-04
477.8	1.77E-04
478.0	2.23E-04
478.2	2.41E-04
478.4	2.26E-04
478.6	1.95E-04
478.8	1.64E-04
479.0	1.39E-04
479.2	1.20E-04
479.4	1.06E-04
479.6	9.54E-05
479.8	8.77E-05
480.0	8.17E-05
480.2	7.64E-05
480.4	7.10E-05
480.6	6.52E-05
480.8	5.88E-05
481.0	5.22E-05
481.2	4.59E-05
481.4	4.05E-05
481.6	3.61E-05
481.8	3.28E-05
482.0	3.06E-05
482.2	2.94E-05
482.4	2.91E-05
482.6	2.97E-05
482.8	3.07E-05
483.0	3.19E-05
483.2	3.24E-05
483.4	3.14E-05
483.6	2.85E-05
483.8	2.44E-05
484.0	2.02E-05
484.2	1.65E-05
484.4	1.37E-05
484.6	1.17E-05
484.8	1.03E-05
485.0	9.39E-06
485.2	8.95E-06
485.4	8.90E-06
485.6	9.26E-06
485.8	1.01E-05
486.0	1.15E-05
486.2	1.39E-05
486.4	1.75E-05
486.6	2.27E-05
486.8	2.96E-05
487.0	3.62E-05
487.2	3.88E-05
487.4	3.56E-05
487.6	2.98E-05
487.8	2.45E-05
488.0	2.06E-05
488.2	1.83E-05
488.4	1.71E-05
488.6	1.70E-05
488.8	1.80E-05
489.0	2.03E-05
489.2	2.46E-05
489.4	3.21E-05
489.6	4.52E-05
489.8	6.79E-05
490.0	1.02E-04
490.2	1.27E-04
490.4	1.13E-04
490.6	8.18E-05
490.8	5.75E-05
491.0	4.29E-05
491.2	3.45E-05
491.4	2.98E-05
491.6	2.74E-05
491.8	2.66E-05
492.0	2.71E-05
492.2	2.87E-05
492.4	3.15E-05
492.6	3.55E-05
492.8	4.05E-05
493.0	4.63E-05
493.2	5.22E-05
493.4	5.70E-05
493.6	5.92E-05
493.8	5.78E-05
494.0	5.29E-05
494.2	4.57E-05
494.4	3.79E-05
494.6	3.06E-05
494.8	2.45E-05
495.0	1.98E-05
495.2	1.62E-05
495.4	1.35E-05
495.6	1.15E-05
495.8	1.00E-05
496.0	8.82E-06
496.2	7.80E-06
496.4	6.87E-06
496.6	5.96E-06
496.8	5.05E-06
497.0	4.17E-06
497.2	3.37E-06
497.4	2.68E-06
497.6	2.13E-06
497.8	1.71E-06
498.0	1.38E-06
498.2	1.14E-06
498.4	9.62E-07
498.6	8.31E-07
498.8	7.37E-07
499.0	6.71E-07
499.2	6.28E-07
499.4	6.04E-07
499.6	5.99E-07
499.8	6.12E-07
500.0	6.44E-07
500.2	7.02E-07
500.4	7.91E-07
500.6	9.26E-07
500.8	1.13E-06
501.0	1.43E-06
501.2	1.89E-06
501.4	2.57E-06
501.6	3.48E-06
501.8	4.42E-06
502.0	4.85E-06
502.2	4.49E-06
502.4	3.72E-06
502.6	2.99E-06
502.8	2.45E-06
503.0	2.08E-06
503.2	1.85E-06
503.4	1.71E-06
503.6	1.66E-06
503.8	1.67E-06
504.0	1.76E-06
504.2	1.91E-06
504.4	2.17E-06
504.6	2.56E-06
504.8	3.13E-06
505.0	3.99E-06
505.2	5.28E-06
505.4	7.27E-06
505.6	1.04E-05
505.8	1.51E-05
506.0	2.21E-05
506.2	3.15E-05
506.4	4.20E-05
506.6	5.18E-05
506.8	5.98E-05
507.0	6.71E-05
507.2	7.52E-05
507.4	8.57E-05
507.6	9.95E-05
507.8	1.16E-04
508.0	1.33E-04
508.2	1.47E-04
508.4	1.54E-04
508.6	1.55E-04
508.8	1.53E-04
509.0	1.47E-04
509.2	1.38E-04
509.4	1.22E-04
509.6	1.02E-04
509.8	8.00E-05
510.0	6.02E-05
510.2	4.49E-05
510.4	3.39E-05
510.6	2.63E-05
510.8	2.12E-05
511.0	1.77E-05
511.2	1.53E-05
511.4	1.35E-05
511.6	1.21E-05
511.8	1.08E-05
512.0	9.57E-06
512.2	8.20E-06
512.4	6.79E-06
512.6	5.47E-06
512.8	4.33E-06
513.0	3.41E-06
513.2	2.72E-06
513.4	2.20E-06
513.6	1.83E-06
513.8	1.56E-06
514.0	1.37E-06
514.2	1.24E-06
514.4	1.17E-06
514.6	1.13E-06
514.8	1.14E-06
515.0	1.19E-06
515.2	1.30E-06
515.4	1.47E-06
515.6	1.74E-06
515.8	2.12E-06
516.0	2.59E-06
516.2	3.04E-06
516.4	3.16E-06
516.6	2.78E-06
516.8	2.15E-06
517.0	1.58E-06
517.2	1.17E-06
517.4	8.83E-07
517.6	6.94E-07
517.8	5.67E-07
518.0	4.81E-07
518.2	4.23E-07
518.4	3.84E-07
518.6	3.59E-07
518.8	3.46E-07
519.0	3.44E-07
519.2	3.51E-07
519.4	3.67E-07
519.6	3.95E-07
519.8	4.35E-07
520.0	4.92E-07
520.2	5.67E-07
520.4	6.65E-07
520.6	7.92E-07
520.8	9.49E-07
521.0	1.13E-06
521.2	1.33E-06
521.4	1.52E-06
521.6	1.68E-06
521.8	1.78E-06
522.0	1.84E-06
522.2	1.87E-06
522.4	1.89E-06
522.6	1.93E-06
522.8	2.01E-06
523.0	2.14E-06
523.2	2.35E-06
523.4	2.65E-06
523.6	3.10E-06
523.8	3.76E-06
524.0	4.73E-06
524.2	6.22E-06
524.4	8.55E-06
524.6	1.24E-05
524.8	1.89E-05
525.0	3.07E-05
525.2	5.34E-05
525.4	1.00E-04
525.6	2.04E-04
525.8	4.44E-04
526.0	9.68E-04
526.2	1.69E-03
526.4	2.00E-03
526.6	1.63E-03
526.8	9.28E-04
527.0	4.81E-04
527.2	2.59E-04
527.4	1.47E-04
527.6	8.70E-05
527.8	5.29E-05
528.0	3.29E-05
528.2	2.09E-05
528.4	1.36E-05
528.6	9.06E-06
528.8	6.23E-06
529.0	4.42E-06
529.2	3.24E-06
529.4	2.45E-06
529.6	1.92E-06
529.8	1.55E-06
530.0	1.30E-06
530.2	1.12E-06
530.4	1.00E-06
530.6	9.31E-07
530.8	8.94E-07
531.0	8.93E-07
531.2	9.30E-07
531.4	1.02E-06
531.6	1.17E-06
531.8	1.44E-06
532.0	1.90E-06
532.2	2.67E-06
532.4	3.71E-06
532.6	4.16E-06
532.8	3.14E-06
533.0	1.88E-06
533.2	1.10E-06
533.4	6.87E-07
533.6	4.57E-07
533.8	3.23E-07
534.0	2.40E-07
534.2	1.86E-07
534.4	1.50E-07
534.6	1.25E-07
534.8	1.08E-07
535.0	9.51E-08
535.2	8.60E-08
535.4	7.97E-08
535.6	7.54E-08
535.8	7.29E-08
536.0	7.19E-08
536.2	7.23E-08
536.4	7.41E-08
536.6	7.74E-08
536.8	8.23E-08
537.0	8.93E-08
537.2	9.87E-08
537.4	1.11E-07
537.6	1.28E-07
537.8	1.49E-07
538.0	1.78E-07
538.2	2.18E-07
538.4	2.71E-07
538.6	3.46E-07
538.8	4.52E-07
539.0	6.08E-07
539.2	8.41E-07
539.4	1.20E-06
539.6	1.80E-06
539.8	2.83E-06
540.0	4.76E-06
540.2	8.88E-06
540.4	1.95E-05
540.6	5.98E-05
540.8	4.01E-04
541.0	3.30E-04
541.2	1.02E-03
541.4	5.48E-04
541.6	2.07E-04
541.8	1.47E-04
542.0	1.42E-04
542.2	1.49E-04
542.4	1.15E-04
542.6	5.80E-05
542.8	2.64E-05
543.0	1.31E-05
543.2	7.19E-06
543.4	4.35E-06
543.6	2.84E-06
543.8	1.99E-06
544.0	1.47E-06
544.2	1.15E-06
544.4	9.36E-07
544.6	7.99E-07
544.8	7.12E-07
545.0	6.62E-07
545.2	6.43E-07
545.4	6.54E-07
545.6	7.00E-07
545.8	7.92E-07
546.0	9.54E-07
546.2	1.23E-06
546.4	1.70E-06
546.6	2.37E-06
546.8	2.82E-06
547.0	2.34E-06
547.2	1.48E-06
547.4	8.96E-07
547.6	5.70E-07
547.8	3.88E-07
548.0	2.83E-07
548.2	2.19E-07
548.4	1.79E-07
548.6	1.53E-07
548.8	1.37E-07
549.0	1.29E-07
549.2	1.27E-07
549.4	1.32E-07
549.6	1.45E-07
549.8	1.70E-07
550.0	2.14E-07
550.2	2.91E-07
550.4	4.17E-07
550.6	5.37E-07
550.8	4.65E-07
551.0	2.78E-07
551.2	1.52E-07
551.4	8.70E-08
551.6	5.38E-08
551.8	3.56E-08
552.0	2.49E-08
552.2	1.82E-08
552.4	1.38E-08
552.6	1.08E-08
552.8	8.76E-09
553.0	7.25E-09
553.2	6.14E-09
553.4	5.30E-09
553.6	4.66E-09
553.8	4.16E-09
554.0	3.77E-09
554.2	3.46E-09
554.4	3.22E-09
554.6	3.03E-09
554.8	2.88E-09
555.0	2.76E-09
555.2	2.67E-09
555.4	2.59E-09
555.6	2.54E-09
555.8	2.49E-09
556.0	2.46E-09
556.2	2.43E-09
556.4	2.41E-09
556.6	2.40E-09
556.8	2.39E-09
557.0	2.38E-09
557.2	2.38E-09
557.4	2.39E-09
557.6	2.41E-09
557.8	2.44E-09
558.0	2.48E-09
558.2	2.55E-09
558.4	2.63E-09
558.6	2.75E-09
558.8	2.91E-09
559.0	3.12E-09
559.2	3.39E-09
559.4	3.76E-09
559.6	4.24E-09
559.8	4.90E-09
560.0	5.82E-09
560.2	7.09E-09
560.4	8.95E-09
560.6	1.18E-08
560.8	1.62E-08
561.0	2.33E-08
561.2	3.42E-08
561.4	4.75E-08
561.6	5.39E-08
561.8	4.60E-08
562.0	3.28E-08
562.2	2.25E-08
562.4	1.58E-08
562.6	1.17E-08
562.8	9.04E-09
563.0	7.27E-09
563.2	6.06E-09
563.4	5.21E-09
563.6	4.60E-09
563.8	4.16E-09
564.0	3.85E-09
564.2	3.63E-09
564.4	3.50E-09
564.6	3.42E-09
564.8	3.40E-09
565.0	3.44E-09
565.2	3.54E-09
565.4	3.69E-09
565.6	3.90E-09
565.8	4.19E-09
566.0	4.57E-09
566.2	5.05E-09
566.4	5.67E-09
566.6	6.46E-09
566.8	7.47E-09
567.0	8.79E-09
567.2	1.05E-08
567.4	1.28E-08
567.6	1.58E-08
567.8	1.99E-08
568.0	2.56E-08
568.2	3.37E-08
568.4	4.54E-08
568.6	6.28E-08
568.8	8.96E-08
569.0	1.33E-07
569.2	2.05E-07
569.4	3.37E-07
569.6	5.99E-07
569.8	1.19E-06
570.0	2.63E-06
570.2	4.85E-06
570.4	4.83E-06
570.6	3.02E-06
570.8	1.62E-06
571.0	9.65E-07
571.2	6.36E-07
571.4	4.53E-07
571.6	3.42E-07
571.8	2.69E-07
572.0	2.20E-07
572.2	1.85E-07
572.4	1.60E-07
572.6	1.42E-07
572.8	1.29E-07
573.0	1.20E-07
573.2	1.13E-07
573.4	1.09E-07
573.6	1.07E-07
573.8	1.07E-07
574.0	1.10E-07
574.2	1.14E-07
574.4	1.20E-07
574.6	1.29E-07
574.8	1.41E-07
575.0	1.56E-07
575.2	1.76E-07
575.4	2.03E-07
575.6	2.37E-07
575.8	2.82E-07
576.0	3.40E-07
576.2	4.15E-07
576.4	5.15E-07
576.6	6.44E-07
576.8	8.09E-07
577.0	1.02E-06
577.2	1.27E-06
577.4	1.57E-06
577.6	1.91E-06
577.8	2.27E-06
578.0	2.65E-06
578.2	3.04E-06
578.4	3.46E-06
578.6	3.92E-06
578.8	4.46E-06
579.0	5.10E-06
579.2	5.88E-06
579.4	6.83E-06
579.6	7.97E-06
579.8	9.28E-06
580.0	1.07E-05
580.2	1.22E-05
580.4	1.37E-05
580.6	1.53E-05
580.8	1.69E-05
581.0	1.90E-05
581.2	2.21E-05
581.4	2.70E-05
581.6	3.60E-05
581.8	5.51E-05
582.0	1.08E-04
582.2	3.27E-04
582.4	4.31E-04
582.6	2.48E-04
582.8	6.00E-04
583.0	1.09E-04
583.2	3.77E-05
583.4	1.91E-05
583.6	1.17E-05
583.8	8.06E-06
584.0	5.98E-06
584.2	4.71E-06
584.4	3.90E-06
584.6	3.35E-06
584.8	2.98E-06
585.0	2.74E-06
585.2	2.59E-06
585.4	2.51E-06
585.6	2.48E-06
585.8	2.52E-06
586.0	2.59E-06
586.2	2.71E-06
586.4	2.86E-06
586.6	3.04E-06
586.8	3.20E-06
587.0	3.34E-06
587.2	3.42E-06
587.4	3.40E-06
587.6	3.30E-06
587.8	3.12E-06
588.0	2.90E-06
588.2	2.68E-06
588.4	2.46E-06
588.6	2.28E-06
588.8	2.13E-06
589.0	2.02E-06
589.2	1.94E-06
589.4	1.91E-06
589.6	1.91E-06
589.8	1.96E-06
590.0	2.05E-06
590.2	2.20E-06
590.4	2.42E-06
590.6	2.75E-06
590.8	3.21E-06
591.0	3.89E-06
591.2	4.91E-06
591.4	6.52E-06
591.6	9.20E-06
591.8	1.40E-05
592.0	2.34E-05
592.2	4.21E-05
592.4	6.96E-05
592.6	7.53E-05
592.8	5.28E-05
593.0	3.20E-05
593.2	2.06E-05
593.4	1.44E-05
593.6	1.10E-05
593.8	8.89E-06
594.0	7.59E-06
594.2	6.76E-06
594.4	6.26E-06
594.6	5.98E-06
594.8	5.89E-06
595.0	5.96E-06
595.2	6.17E-06
595.4	6.53E-06
595.6	7.05E-06
595.8	7.73E-06
596.0	8.56E-06
596.2	9.53E-06
596.4	1.06E-05
596.6	1.15E-05
596.8	1.23E-05
597.0	1.26E-05
597.2	1.24E-05
597.4	1.17E-05
597.6	1.07E-05
597.8	9.57E-06
598.0	8.43E-06
598.2	7.38E-06
598.4	6.47E-06
598.6	5.69E-06
598.8	5.05E-06
599.0	4.51E-06
599.2	4.08E-06
599.4	3.73E-06
599.6	3.45E-06
599.8	3.24E-06
600.0	3.08E-06
600.2	2.98E-06
600.4	2.94E-06
600.6	2.95E-06
600.8	3.03E-06
601.0	3.20E-06
601.2	3.47E-06
601.4	3.90E-06
601.6	4.59E-06
601.8	5.71E-06
602.0	7.67E-06
602.2	1.15E-05
602.4	2.09E-05
602.6	5.34E-05
602.8	1.80E-04
603.0	1.68E-04
603.2	3.52E-05
603.4	1.24E-05
603.6	6.05E-06
603.8	3.52E-06
604.0	2.27E-06
604.2	1.58E-06
604.4	1.16E-06
604.6	8.83E-07
604.8	6.99E-07
605.0	5.70E-07
605.2	4.76E-07
605.4	4.07E-07
605.6	3.54E-07
605.8	3.14E-07
606.0	2.84E-07
606.2	2.60E-07
606.4	2.42E-07
606.6	2.28E-07
606.8	2.19E-07
607.0	2.12E-07
607.2	2.08E-07
607.4	2.07E-07
607.6	2.08E-07
607.8	2.13E-07
608.0	2.20E-07
608.2	2.30E-07
608.4	2.44E-07
608.6	2.62E-07
608.8	2.85E-07
609.0	3.16E-07
609.2	3.54E-07
609.4	4.04E-07
609.6	4.69E-07
609.8	5.55E-07
610.0	6.70E-07
610.2	8.27E-07
610.4	1.05E-06
610.6	1.37E-06
610.8	1.84E-06
611.0	2.57E-06
611.2	3.74E-06
611.4	5.65E-06
611.6	8.73E-06
611.8	1.30E-05
612.0	1.66E-05
612.2	1.66E-05
612.4	1.37E-05
612.6	1.05E-05
612.8	8.16E-06
613.0	6.57E-06
613.2	5.52E-06
613.4	4.81E-06
613.6	4.35E-06
613.8	4.06E-06
614.0	3.90E-06
614.2	3.84E-06
614.4	3.87E-06
614.6	3.99E-06
614.8	4.20E-06
615.0	4.51E-06
615.2	4.95E-06
615.4	5.55E-06
615.6	6.35E-06
615.8	7.43E-06
616.0	8.90E-06
616.2	1.09E-05
616.4	1.37E-05
616.6	1.75E-05
616.8	2.27E-05
617.0	2.92E-05
617.2	3.59E-05
617.4	4.03E-05
617.6	4.02E-05
617.8	3.58E-05
618.0	2.98E-05
618.2	2.42E-05
618.4	1.97E-05
618.6	1.63E-05
618.8	1.39E-05
619.0	1.21E-05
619.2	1.09E-05
619.4	1.00E-05
619.6	9.48E-06
619.8	9.21E-06
620.0	9.19E-06
620.2	9.41E-06
620.4	9.90E-06
620.6	1.07E-05
620.8	1.19E-05
621.0	1.35E-05
621.2	1.55E-05
621.4	1.78E-05
621.6	1.96E-05
621.8	1.99E-05
622.0	1.82E-05
622.2	1.50E-05
622.4	1.15E-05
622.6	8.64E-06
622.8	6.47E-06
623.0	4.91E-06
623.2	3.81E-06
623.4	3.02E-06
623.6	2.45E-06
623.8	2.03E-06
624.0	1.72E-06
624.2	1.49E-06
624.4	1.31E-06
624.6	1.17E-06
624.8	1.06E-06
625.0	9.84E-07
625.2	9.23E-07
625.4	8.78E-07
625.6	8.48E-07
625.8	8.30E-07
626.0	8.24E-07
626.2	8.30E-07
626.4	8.48E-07
626.6	8.79E-07
626.8	9.24E-07
627.0	9.86E-07
627.2	1.07E-06
627.4	1.18E-06
627.6	1.32E-06
627.8	1.51E-06
628.0	1.76E-06
628.2	2.10E-06
628.4	2.57E-06
628.6	3.21E-06
628.8	4.11E-06
629.0	5.40E-06
629.2	7.22E-06
629.4	9.66E-06
629.6	1.25E-05
629.8	1.49E-05
630.0	1.58E-05
630.2	1.48E-05
630.4	1.28E-05
630.6	1.06E-05
630.8	8.83E-06
631.0	7.46E-06
631.2	6.46E-06
631.4	5.75E-06
631.6	5.26E-06
631.8	4.93E-06
632.0	4.75E-06
632.2	4.68E-06
632.4	4.72E-06
632.6	4.87E-06
632.8	5.14E-06
633.0	5.55E-06
633.2	6.15E-06
633.4	6.98E-06
633.6	8.14E-06
633.8	9.79E-06
634.0	1.22E-05
634.2	1.58E-05
634.4	2.14E-05
634.6	3.07E-05
634.8	4.74E-05
635.0	8.00E-05
635.2	1.48E-04
635.4	2.67E-04
635.6	3.31E-04
635.8	2.54E-04
636.0	1.59E-04
636.2	1.03E-04
636.4	7.31E-05
636.6	5.65E-05
636.8	4.68E-05
637.0	4.12E-05
637.2	3.80E-05
637.4	3.68E-05
637.6	3.71E-05
637.8	3.90E-05
638.0	4.24E-05
638.2	4.77E-05
638.4	5.48E-05
638.6	6.27E-05
638.8	6.86E-05
639.0	6.79E-05
639.2	5.91E-05
639.4	4.61E-05
639.6	3.37E-05
639.8	2.42E-05
640.0	1.75E-05
640.2	1.30E-05
640.4	9.86E-06
640.6	7.67E-06
640.8	6.11E-06
641.0	4.97E-06
641.2	4.13E-06
641.4	3.50E-06
641.6	3.02E-06
641.8	2.65E-06
642.0	2.36E-06
642.2	2.14E-06
642.4	1.97E-06
642.6	1.83E-06
642.8	1.73E-06
643.0	1.66E-06
643.2	1.62E-06
643.4	1.59E-06
643.6	1.60E-06
643.8	1.63E-06
644.0	1.68E-06
644.2	1.77E-06
644.4	1.90E-06
644.6	2.08E-06
644.8	2.33E-06
645.0	2.67E-06
645.2	3.16E-06
645.4	3.85E-06
645.6	4.88E-06
645.8	6.47E-06
646.0	8.99E-06
646.2	1.30E-05
646.4	1.88E-05
646.6	2.44E-05
646.8	2.65E-05
647.0	2.38E-05
647.2	1.78E-05
647.4	1.23E-05
647.6	8.64E-06
647.8	6.35E-06
648.0	4.91E-06
648.2	3.97E-06
648.4	3.34E-06
648.6	2.91E-06
648.8	2.62E-06
649.0	2.43E-06
649.2	2.31E-06
649.4	2.27E-06
649.6	2.28E-06
649.8	2.36E-06
650.0	2.52E-06
650.2	2.76E-06
650.4	3.14E-06
650.6	3.71E-06
650.8	4.59E-06
651.0	6.01E-06
651.2	8.49E-06
651.4	1.33E-05
651.6	2.47E-05
651.8	5.77E-05
652.0	1.13E-04
652.2	1.21E-04
652.4	1.09E-04
652.6	4.54E-05
652.8	2.24E-05
653.0	1.36E-05
653.2	9.52E-06
653.4	7.35E-06
653.6	6.12E-06
653.8	5.44E-06
654.0	5.11E-06
654.2	5.08E-06
654.4	5.35E-06
654.6	6.02E-06
654.8	7.31E-06
655.0	9.89E-06
655.2	1.58E-05
655.4	3.58E-05
655.6	2.79E-04
655.8	1.40E-04
656.0	1.01E-03
656.2	8.31E-05
656.4	2.16E-05
656.6	1.00E-05
656.8	5.95E-06
657.0	4.11E-06
657.2	3.16E-06
657.4	2.66E-06
657.6	2.45E-06
657.8	2.48E-06
658.0	2.83E-06
658.2	3.86E-06
658.4	7.28E-06
658.6	3.87E-05
658.8	5.48E-05
659.0	3.13E-05
659.2	2.37E-06
659.4	7.46E-07
659.6	3.26E-07
659.8	1.67E-07
660.0	9.43E-08
660.2	5.68E-08
660.4	3.59E-08
660.6	2.36E-08
660.8	1.60E-08
661.0	1.12E-08
661.2	7.96E-09
661.4	5.78E-09
661.6	4.26E-09
661.8	3.19E-09
662.0	2.42E-09
662.2	1.86E-09
662.4	1.45E-09
662.6	1.13E-09
662.8	8.97E-10
663.0	7.15E-10
663.2	5.75E-10
663.4	4.66E-10
663.6	3.80E-10
663.8	3.12E-10
664.0	2.58E-10
664.2	2.14E-10
664.4	1.79E-10
664.6	1.50E-10
664.8	1.27E-10
665.0	1.08E-10
665.2	9.17E-11
665.4	7.85E-11
665.6	6.75E-11
665.8	5.83E-11
666.0	5.06E-11
666.2	4.40E-11
666.4	3.85E-11
666.6	3.37E-11
666.8	2.97E-11
667.0	2.62E-11
667.2	2.33E-11
667.4	2.07E-11
667.6	1.85E-11
667.8	1.66E-11
668.0	1.49E-11
668.2	1.34E-11
668.4	1.22E-11
668.6	1.11E-11
668.8	1.01E-11
669.0	9.21E-12
669.2	8.44E-12
669.4	7.76E-12
669.6	7.16E-12
669.8	6.63E-12
670.0	6.16E-12
670.2	5.73E-12
670.4	5.36E-12
670.6	5.02E-12
670.8	4.72E-12
671.0	4.45E-12
671.2	4.21E-12
671.4	4.00E-12
671.6	3.81E-12
671.8	3.64E-12
672.0	3.48E-12
672.2	3.35E-12
672.4	3.23E-12
672.6	3.13E-12
672.8	3.03E-12
673.0	2.96E-12
673.2	2.89E-12
673.4	2.84E-12
673.6	2.79E-12
673.8	2.76E-12
674.0	2.74E-12
674.2	2.73E-12
674.4	2.72E-12
674.6	2.73E-12
674.8	2.76E-12
675.0	2.79E-12
675.2	2.84E-12
675.4	2.90E-12
675.6	2.98E-12
675.8	3.08E-12
676.0	3.19E-12
676.2	3.34E-12
676.4	3.51E-12
676.6	3.71E-12
676.8	3.96E-12
677.0	4.25E-12
677.2	4.61E-12
677.4	5.05E-12
677.6	5.59E-12
677.8	6.26E-12
678.0	7.12E-12
678.2	8.23E-12
678.4	9.69E-12
678.6	1.17E-11
678.8	1.45E-11
679.0	1.88E-11
679.2	2.55E-11
679.4	3.72E-11
679.6	6.07E-11
679.8	1.22E-10
680.0	3.97E-10
680.2	3.03E-08
680.4	9.33E-10
680.6	2.42E-08
680.8	2.80E-10
681.0	8.97E-11
681.2	4.52E-11
681.4	2.74E-11
681.6	1.84E-11
681.8	1.32E-11
682.0	9.93E-12
682.2	7.73E-12
682.4	6.19E-12
682.6	5.06E-12
682.8	4.21E-12
683.0	3.56E-12
683.2	3.05E-12
683.4	2.64E-12
683.6	2.31E-12
683.8	2.04E-12
684.0	1.81E-12
684.2	1.63E-12
684.4	1.47E-12
684.6	1.33E-12
684.8	1.21E-12
685.0	1.11E-12
685.2	1.02E-12
685.4	9.47E-13
685.6	8.80E-13
685.8	8.20E-13
686.0	7.68E-13
686.2	7.21E-13
686.4	6.79E-13
686.6	6.42E-13
686.8	6.08E-13
687.0	5.78E-13
687.2	5.51E-13
687.4	5.27E-13
687.6	5.05E-13
687.8	4.85E-13
688.0	4.67E-13
688.2	4.50E-13
688.4	4.36E-13
688.6	4.22E-13
688.8	4.10E-13
689.0	4.00E-13
689.2	3.90E-13
689.4	3.81E-13
689.6	3.74E-13
689.8	3.67E-13
690.0	3.61E-13
690.2	3.56E-13
690.4	3.52E-13
690.6	3.48E-13
690.8	3.45E-13
691.0	3.43E-13
691.2	3.42E-13
691.4	3.41E-13
691.6	3.41E-13
691.8	3.42E-13
692.0	3.43E-13
692.2	3.45E-13
692.4	3.48E-13
692.6	3.51E-13
692.8	3.55E-13
693.0	3.60E-13
693.2	3.66E-13
693.4	3.73E-13
693.6	3.81E-13
693.8	3.90E-13
694.0	3.99E-13
694.2	4.10E-13
694.4	4.23E-13
694.6	4.36E-13
694.8	4.51E-13
695.0	4.68E-13
695.2	4.87E-13
695.4	5.07E-13
695.6	5.30E-13
695.8	5.56E-13
696.0	5.84E-13
696.2	6.15E-13
696.4	6.50E-13
696.6	6.89E-13
696.8	7.33E-13
697.0	7.81E-13
697.2	8.36E-13
697.4	8.98E-13
697.6	9.68E-13
697.8	1.05E-12
698.0	1.14E-12
698.2	1.24E-12
698.4	1.36E-12
698.6	1.49E-12
698.8	1.65E-12
699.0	1.84E-12
699.2	2.06E-12
699.4	2.31E-12
699.6	2.62E-12
699.8	2.99E-12
700.0	3.44E-12
700.2	3.99E-12
700.4	4.67E-12
700.6	5.52E-12
700.8	6.62E-12
701.0	8.06E-12
701.2	9.99E-12
701.4	1.26E-11
701.6	1.64E-11
701.8	2.21E-11
702.0	3.10E-11
702.2	4.62E-11
702.4	7.56E-11
702.6	1.45E-10
702.8	3.81E-10
703.0	3.04E-09
703.2	3.95E-09
703.4	2.28E-09
703.6	3.54E-09
703.8	4.00E-10
704.0	1.65E-10
704.2	9.51E-11
704.4	6.37E-11
704.6	4.65E-11
704.8	3.61E-11
705.0	2.92E-11
705.2	2.43E-11
705.4	2.08E-11
705.6	1.82E-11
705.8	1.62E-11
706.0	1.46E-11
706.2	1.33E-11
706.4	1.23E-11
706.6	1.14E-11
706.8	1.07E-11
707.0	1.01E-11
707.2	9.67E-12
707.4	9.27E-12
707.6	8.95E-12
707.8	8.68E-12
708.0	8.46E-12
708.2	8.28E-12
708.4	8.15E-12
708.6	8.05E-12
708.8	7.98E-12
709.0	7.94E-12
709.2	7.93E-12
709.4	7.94E-12
709.6	7.99E-12
709.8	8.05E-12
710.0	8.15E-12
710.2	8.26E-12
710.4	8.41E-12
710.6	8.57E-12
710.8	8.77E-12
711.0	8.99E-12
711.2	9.24E-12
711.4	9.52E-12
711.6	9.84E-12
711.8	1.02E-11
712.0	1.06E-11
712.2	1.10E-11
712.4	1.15E-11
712.6	1.20E-11
712.8	1.26E-11
713.0	1.32E-11
713.2	1.39E-11
713.4	1.46E-11
713.6	1.55E-11
713.8	1.64E-11
714.0	1.74E-11
714.2	1.85E-11
714.4	1.97E-11
714.6	2.11E-11
714.8	2.26E-11
715.0	2.43E-11
715.2	2.62E-11
715.4	2.82E-11
715.6	3.06E-11
715.8	3.31E-11
716.0	3.60E-11
716.2	3.93E-11
716.4	4.30E-11
716.6	4.71E-11
716.8	5.18E-11
717.0	5.71E-11
717.2	6.31E-11
717.4	7.00E-11
717.6	7.79E-11
717.8	8.70E-11
718.0	9.75E-11
718.2	1.10E-10
718.4	1.24E-10
718.6	1.40E-10
718.8	1.59E-10
719.0	1.82E-10
719.2	2.09E-10
719.4	2.41E-10
719.6	2.79E-10
719.8	3.25E-10
720.0	3.81E-10
720.2	4.52E-10
720.4	5.41E-10
720.6	6.52E-10
720.8	7.92E-10
721.0	9.71E-10
721.2	1.20E-09
721.4	1.51E-09
721.6	1.91E-09
721.8	2.46E-09
722.0	3.22E-09
722.2	4.27E-09
722.4	5.76E-09
722.6	7.87E-09
722.8	1.08E-08
723.0	1.48E-08
723.2	1.97E-08
723.4	2.47E-08
723.6	2.87E-08
723.8	3.08E-08
724.0	3.06E-08
724.2	2.82E-08
724.4	2.46E-08
724.6	2.11E-08
724.8	1.80E-08
725.0	1.56E-08
725.2	1.37E-08
725.4	1.23E-08
725.6	1.11E-08
725.8	1.03E-08
726.0	9.60E-09
726.2	9.07E-09
726.4	8.66E-09
726.6	8.35E-09
726.8	8.12E-09
727.0	7.95E-09
727.2	7.85E-09
727.4	7.79E-09
727.6	7.77E-09
727.8	7.80E-09
728.0	7.86E-09
728.2	7.96E-09
728.4	8.09E-09
728.6	8.26E-09
728.8	8.45E-09
729.0	8.68E-09
729.2	8.95E-09
729.4	9.25E-09
729.6	9.58E-09
729.8	9.95E-09
730.0	1.04E-08
730.2	1.08E-08
730.4	1.13E-08
730.6	1.18E-08
730.8	1.24E-08
731.0	1.31E-08
731.2	1.38E-08
731.4	1.46E-08
731.6	1.54E-08
731.8	1.63E-08
732.0	1.73E-08
732.2	1.84E-08
732.4	1.96E-08
732.6	2.09E-08
732.8	2.24E-08
733.0	2.39E-08
733.2	2.56E-08
733.4	2.75E-08
733.6	2.96E-08
733.8	3.19E-08
734.0	3.45E-08
734.2	3.73E-08
734.4	4.04E-08
734.6	4.38E-08
734.8	4.76E-08
735.0	5.18E-08
735.2	5.65E-08
735.4	6.18E-08
735.6	6.77E-08
735.8	7.43E-08
736.0	8.16E-08
736.2	8.99E-08
736.4	9.92E-08
736.6	1.10E-07
736.8	1.22E-07
737.0	1.35E-07
737.2	1.50E-07
737.4	1.67E-07
737.6	1.87E-07
737.8	2.09E-07
738.0	2.34E-07
738.2	2.63E-07
738.4	2.96E-07
738.6	3.34E-07
738.8	3.77E-07
739.0	4.27E-07
739.2	4.84E-07
739.4	5.50E-07
739.6	6.25E-07
739.8	7.12E-07
740.0	8.13E-07
740.2	9.24E-07
740.4	1.05E-06
740.6	1.20E-06
740.8	1.37E-06
741.0	1.56E-06
741.2	1.79E-06
741.4	2.05E-06
741.6	2.35E-06
741.8	2.70E-06
742.0	3.10E-06
742.2	3.57E-06
742.4	4.11E-06
742.6	4.75E-06
742.8	5.48E-06
743.0	6.34E-06
743.2	7.34E-06
743.4	8.52E-06
743.6	9.90E-06
743.8	1.15E-05
744.0	1.34E-05
744.2	1.57E-05
744.4	1.84E-05
744.6	2.16E-05
744.8	2.55E-05
745.0	3.02E-05
745.2	3.58E-05
745.4	4.26E-05
745.6	5.09E-05
745.8	6.12E-05
746.0	7.38E-05
746.2	8.94E-05
746.4	1.09E-04
746.6	1.34E-04
746.8	1.65E-04
747.0	2.04E-04
747.2	2.56E-04
747.4	3.22E-04
747.6	4.08E-04
747.8	5.22E-04
748.0	6.74E-04
748.2	8.78E-04
748.4	1.16E-03
748.6	1.54E-03
748.8	2.07E-03
749.0	2.82E-03
749.2	3.90E-03
749.4	5.46E-03
749.6	7.77E-03
749.8	1.13E-02
750.0	1.66E-02
750.2	2.50E-02
750.4	3.85E-02
750.6	6.08E-02
750.8	9.87E-02
751.0	1.65E-01
751.2	2.87E-01
751.4	5.19E-01
751.6	9.81E-01
751.8	1.95E+00
752.0	4.11E+00
752.2	9.13E+00
752.4	2.07E+01
752.6	4.39E+01
752.8	7.42E+01
753.0	9.35E+01
753.2	9.92E+01
753.4	1.00E+02
753.6	1.00E+02
753.8	1.00E+02
754.0	9.99E+01
754.2	9.98E+01
754.4	9.96E+01
754.6	9.94E+01
754.8	9.94E+01
755.0	9.96E+01
755.2	9.91E+01
755.4	9.27E+01
755.6	7.25E+01
755.8	4.33E+01
756.0	2.14E+01
756.2	1.00E+01
756.4	4.80E+00
756.6	2.41E+00
756.8	1.27E+00
757.0	7.05E-01
757.2	4.06E-01
757.4	2.42E-01
757.6	1.49E-01
757.8	9.44E-02
758.0	6.12E-02
758.2	4.05E-02
758.4	2.73E-02
758.6	1.87E-02
758.8	1.30E-02
759.0	9.16E-03
759.2	6.54E-03
759.4	4.72E-03
759.6	3.44E-03
759.8	2.53E-03
760.0	1.88E-03
760.2	1.40E-03
760.4	1.04E-03
760.6	7.88E-04
760.8	5.99E-04
761.0	4.58E-04
761.2	3.53E-04
761.4	2.74E-04
761.6	2.13E-04
761.8	1.67E-04
762.0	1.32E-04
762.2	1.05E-04
762.4	8.36E-05
762.6	6.70E-05
762.8	5.40E-05
763.0	4.37E-05
763.2	3.56E-05
763.4	2.91E-05
763.6	2.39E-05
763.8	1.97E-05
764.0	1.63E-05
764.2	1.36E-05
764.4	1.14E-05
764.6	9.54E-06
764.8	8.05E-06
765.0	6.81E-06
765.2	5.79E-06
765.4	4.94E-06
765.6	4.23E-06
765.8	3.64E-06
766.0	3.14E-06
766.2	2.72E-06
766.4	2.36E-06
766.6	2.06E-06
766.8	1.81E-06
767.0	1.59E-06
767.2	1.40E-06
767.4	1.24E-06
767.6	1.10E-06
767.8	9.79E-07
768.0	8.74E-07
768.2	7.84E-07
768.4	7.05E-07
768.6	6.35E-07
768.8	5.75E-07
769.0	5.21E-07
769.2	4.75E-07
769.4	4.33E-07
769.6	3.96E-07
769.8	3.64E-07
770.0	3.35E-07
770.2	3.09E-07
770.4	2.86E-07
770.6	2.65E-07
770.8	2.47E-07
771.0	2.30E-07
771.2	2.15E-07
771.4	2.02E-07
771.6	1.89E-07
771.8	1.78E-07
772.0	1.68E-07
772.2	1.59E-07
772.4	1.51E-07
772.6	1.43E-07
772.8	1.36E-07
773.0	1.30E-07
773.2	1.24E-07
773.4	1.19E-07
773.6	1.14E-07
773.8	1.10E-07
774.0	1.06E-07
774.2	1.02E-07
774.4	9.81E-08
774.6	9.48E-08
774.8	9.17E-08
775.0	8.88E-08
775.2	8.61E-08
775.4	8.35E-08
775.6	8.11E-08
775.8	7.88E-08
776.0	7.66E-08
776.2	7.45E-08
776.4	7.25E-08
776.6	7.05E-08
776.8	6.86E-08
777.0	6.67E-08
777.2	6.49E-08
777.4	6.31E-08
777.6	6.13E-08
777.8	5.96E-08
778.0	5.78E-08
778.2	5.61E-08
778.4	5.44E-08
778.6	5.26E-08
778.8	5.09E-08
779.0	4.92E-08
779.2	4.75E-08
779.4	4.58E-08
779.6	4.41E-08
779.8	4.24E-08
780.0	4.07E-08
780.2	3.91E-08
780.4	3.75E-08
780.6	3.59E-08
780.8	3.43E-08
781.0	3.28E-08
781.2	3.13E-08
781.4	2.98E-08
781.6	2.84E-08
781.8	2.70E-08
782.0	2.57E-08
782.2	2.44E-08
782.4	2.31E-08
782.6	2.19E-08
782.8	2.07E-08
783.0	1.96E-08
783.2	1.86E-08
783.4	1.75E-08
783.6	1.66E-08
783.8	1.56E-08
784.0	1.48E-08
784.2	1.39E-08
784.4	1.31E-08
784.6	1.24E-08
784.8	1.17E-08
785.0	1.10E-08
785.2	1.04E-08
785.4	9.82E-09
785.6	9.28E-09
785.8	8.76E-09
786.0	8.28E-09
786.2	7.83E-09
786.4	7.41E-09
786.6	7.01E-09
786.8	6.65E-09
787.0	6.30E-09
787.2	5.98E-09
787.4	5.68E-09
787.6	5.41E-09
787.8	5.15E-09
788.0	4.90E-09
788.2	4.68E-09
788.4	4.47E-09
788.6	4.27E-09
788.8	4.09E-09
789.0	3.92E-09
789.2	3.77E-09
789.4	3.62E-09
789.6	3.49E-09
789.8	3.36E-09
790.0	3.24E-09
790.2	3.13E-09
790.4	3.03E-09
790.6	2.94E-09
790.8	2.85E-09
791.0	2.77E-09
791.2	2.70E-09
791.4	2.63E-09
791.6	2.57E-09
791.8	2.51E-09
792.0	2.46E-09
792.2	2.41E-09
792.4	2.37E-09
792.6	2.33E-09
792.8	2.29E-09
793.0	2.26E-09
793.2	2.23E-09
793.4	2.21E-09
793.6	2.19E-09
793.8	2.17E-09
794.0	2.15E-09
794.2	2.14E-09
794.4	2.13E-09
794.6	2.12E-09
794.8	2.12E-09
795.0	2.12E-09
795.2	2.12E-09
795.4	2.13E-09
795.6	2.14E-09
795.8	2.15E-09
796.0	2.16E-09
796.2	2.18E-09
796.4	2.20E-09
796.6	2.22E-09
796.8	2.25E-09
797.0	2.28E-09
797.2	2.31E-09
797.4	2.34E-09
797.6	2.38E-09
797.8	2.43E-09
798.0	2.47E-09
798.2	2.53E-09
798.4	2.58E-09
798.6	2.64E-09
798.8	2.71E-09
799.0	2.78E-09
799.2	2.85E-09
799.4	2.93E-09
799.6	3.02E-09
799.8	3.11E-09
800.0	3.21E-09
800.2	3.32E-09
800.4	3.43E-09
800.6	3.55E-09
800.8	3.68E-09
801.0	3.82E-09
801.2	3.96E-09
801.4	4.11E-09
801.6	4.27E-09
801.8	4.43E-09
802.0	4.60E-09
802.2	4.78E-09
802.4	4.95E-09
802.6	5.13E-09
802.8	5.30E-09
803.0	5.47E-09
803.2	5.63E-09
803.4	5.77E-09
803.6	5.90E-09
803.8	6.00E-09
804.0	6.07E-09
804.2	6.12E-09
804.4	6.13E-09
804.6	6.11E-09
804.8	6.05E-09
805.0	5.96E-09
805.2	5.83E-09
805.4	5.68E-09
805.6	5.51E-09
805.8	5.32E-09
806.0	5.11E-09
806.2	4.90E-09
806.4	4.68E-09
806.6	4.46E-09
806.8	4.25E-09
807.0	4.04E-09
807.2	3.84E-09
807.4	3.65E-09
807.6	3.46E-09
807.8	3.29E-09
808.0	3.13E-09
808.2	2.99E-09
808.4	2.85E-09
808.6	2.72E-09
808.8	2.61E-09
809.0	2.50E-09
809.2	2.40E-09
809.4	2.31E-09
809.6	2.23E-09
809.8	2.16E-09
810.0	2.10E-09
810.2	2.04E-09
810.4	1.99E-09
810.6	1.95E-09
810.8	1.91E-09
811.0	1.88E-09
811.2	1.85E-09
811.4	1.83E-09
811.6	1.82E-09
811.8	1.81E-09
812.0	1.80E-09
812.2	1.81E-09
812.4	1.81E-09
812.6	1.83E-09
812.8	1.85E-09
813.0	1.88E-09
813.2	1.91E-09
813.4	1.96E-09
813.6	2.01E-09
813.8	2.07E-09
814.0	2.15E-09
814.2	2.23E-09
814.4	2.34E-09
814.6	2.46E-09
814.8	2.60E-09
815.0	2.77E-09
815.2	2.96E-09
815.4	3.20E-09
815.6	3.48E-09
815.8	3.83E-09
816.0	4.24E-09
816.2	4.76E-09
816.4	5.42E-09
816.6	6.25E-09
816.8	7.34E-09
817.0	8.80E-09
817.2	1.08E-08
817.4	1.37E-08
817.6	1.78E-08
817.8	2.39E-08
818.0	3.22E-08
818.2	4.15E-08
818.4	4.77E-08
818.6	4.97E-08
818.8	4.89E-08
819.0	4.30E-08
819.2	3.27E-08
819.4	2.29E-08
819.6	1.59E-08
819.8	1.12E-08
820.0	8.21E-09
820.2	6.17E-09
820.4	4.75E-09
820.6	3.74E-09
820.8	3.00E-09
821.0	2.45E-09
821.2	2.02E-09
821.4	1.69E-09
821.6	1.43E-09
821.8	1.22E-09
822.0	1.04E-09
822.2	9.03E-10
822.4	7.86E-10
822.6	6.88E-10
822.8	6.05E-10
823.0	5.35E-10
823.2	4.75E-10
823.4	4.23E-10
823.6	3.78E-10
823.8	3.39E-10
824.0	3.06E-10
824.2	2.76E-10
824.4	2.50E-10
824.6	2.27E-10
824.8	2.06E-10
825.0	1.88E-10
825.2	1.72E-10
825.4	1.57E-10
825.6	1.45E-10
825.8	1.33E-10
826.0	1.23E-10
826.2	1.13E-10
826.4	1.05E-10
826.6	9.69E-11
826.8	8.99E-11
827.0	8.36E-11
827.2	7.78E-11
827.4	7.25E-11
827.6	6.77E-11
827.8	6.33E-11
828.0	5.93E-11
828.2	5.56E-11
828.4	5.22E-11
828.6	4.91E-11
828.8	4.63E-11
829.0	4.36E-11
829.2	4.12E-11
829.4	3.90E-11
829.6	3.69E-11
829.8	3.50E-11
830.0	3.32E-11
830.2	3.15E-11
830.4	3.00E-11
830.6	2.86E-11
830.8	2.73E-11
831.0	2.60E-11
831.2	2.49E-11
831.4	2.38E-11
831.6	2.28E-11
831.8	2.19E-11
832.0	2.10E-11
832.2	2.02E-11
832.4	1.95E-11
832.6	1.88E-11
832.8	1.81E-11
833.0	1.75E-11
833.2	1.69E-11
833.4	1.64E-11
833.6	1.59E-11
833.8	1.54E-11
834.0	1.49E-11
834.2	1.45E-11
834.4	1.41E-11
834.6	1.38E-11
834.8	1.34E-11
835.0	1.31E-11
835.2	1.28E-11
835.4	1.25E-11
835.6	1.22E-11
835.8	1.20E-11
836.0	1.17E-11
836.2	1.15E-11
836.4	1.13E-11
836.6	1.11E-11
836.8	1.09E-11
837.0	1.08E-11
837.2	1.06E-11
837.4	1.05E-11
837.6	1.03E-11
837.8	1.02E-11
838.0	1.01E-11
838.2	1.00E-11
838.4	9.92E-12
838.6	9.83E-12
838.8	9.75E-12
839.0	9.68E-12
839.2	9.62E-12
839.4	9.57E-12
839.6	9.52E-12
839.8	9.48E-12
840.0	9.45E-12
840.2	9.43E-12
840.4	9.41E-12
840.6	9.39E-12
840.8	9.39E-12
841.0	9.39E-12
841.2	9.39E-12
841.4	9.40E-12
841.6	9.42E-12
841.8	9.44E-12
842.0	9.47E-12
842.2	9.50E-12
842.4	9.54E-12
842.6	9.59E-12
842.8	9.64E-12
843.0	9.69E-12
843.2	9.75E-12
843.4	9.82E-12
843.6	9.89E-12
843.8	9.96E-12
844.0	1.00E-11
844.2	1.01E-11
844.4	1.02E-11
844.6	1.03E-11
844.8	1.04E-11
845.0	1.05E-11
845.2	1.06E-11
845.4	1.07E-11
845.6	1.09E-11
845.8	1.10E-11
846.0	1.11E-11
846.2	1.13E-11
846.4	1.14E-11
846.6	1.15E-11
846.8	1.17E-11
847.0	1.19E-11
847.2	1.20E-11
847.4	1.22E-11
847.6	1.24E-11
847.8	1.25E-11
848.0	1.27E-11
848.2	1.29E-11
848.4	1.31E-11
848.6	1.33E-11
848.8	1.35E-11
849.0	1.37E-11
849.2	1.40E-11
849.4	1.42E-11
849.6	1.44E-11
849.8	1.47E-11
850.0	1.49E-11
850.2	1.52E-11
850.4	1.55E-11
850.6	1.57E-11
850.8	1.60E-11
851.0	1.63E-11
851.2	1.66E-11
851.4	1.69E-11
851.6	1.73E-11
851.8	1.76E-11
852.0	1.80E-11
852.2	1.83E-11
852.4	1.87E-11
852.6	1.91E-11
852.8	1.95E-11
853.0	1.99E-11
853.2	2.04E-11
853.4	2.08E-11
853.6	2.13E-11
853.8	2.18E-11
854.0	2.23E-11
854.2	2.29E-11
854.4	2.34E-11
854.6	2.40E-11
854.8	2.46E-11
855.0	2.53E-11
855.2	2.59E-11
855.4	2.66E-11
855.6	2.74E-11
855.8	2.81E-11
856.0	2.89E-11
856.2	2.98E-11
856.4	3.06E-11
856.6	3.16E-11
856.8	3.25E-11
857.0	3.36E-11
857.2	3.46E-11
857.4	3.58E-11
857.6	3.69E-11
857.8	3.82E-11
858.0	3.95E-11
858.2	4.09E-11
858.4	4.23E-11
858.6	4.39E-11
858.8	4.55E-11
859.0	4.72E-11
859.2	4.90E-11
859.4	5.09E-11
859.6	5.29E-11
859.8	5.50E-11
860.0	5.73E-11
860.2	5.95E-11
860.4	6.18E-11
860.6	6.42E-11
860.8	6.68E-11
861.0	6.95E-11
861.2	7.24E-11
861.4	7.55E-11
861.6	7.87E-11
861.8	8.21E-11
862.0	8.57E-11
862.2	8.96E-11
862.4	9.36E-11
862.6	9.79E-11
862.8	1.03E-10
863.0	1.07E-10
863.2	1.13E-10
863.4	1.18E-10
863.6	1.24E-10
863.8	1.30E-10
864.0	1.37E-10
864.2	1.44E-10
864.4	1.51E-10
864.6	1.59E-10
864.8	1.68E-10
865.0	1.77E-10
865.2	1.86E-10
865.4	1.97E-10
865.6	2.08E-10
865.8	2.19E-10
866.0	2.32E-10
866.2	2.45E-10
866.4	2.60E-10
866.6	2.75E-10
866.8	2.92E-10
867.0	3.09E-10
867.2	3.28E-10
867.4	3.48E-10
867.6	3.70E-10
867.8	3.94E-10
868.0	4.19E-10
868.2	4.46E-10
868.4	4.75E-10
868.6	5.07E-10
868.8	5.40E-10
869.0	5.77E-10
869.2	6.16E-10
869.4	6.59E-10
869.6	7.05E-10
869.8	7.54E-10
870.0	8.08E-10
870.2	8.67E-10
870.4	9.30E-10
870.6	9.98E-10
870.8	1.07E-09
871.0	1.15E-09
871.2	1.24E-09
871.4	1.34E-09
871.6	1.44E-09
871.8	1.56E-09
872.0	1.68E-09
872.2	1.82E-09
872.4	1.97E-09
872.6	2.13E-09
872.8	2.31E-09
873.0	2.51E-09
873.2	2.73E-09
873.4	2.97E-09
873.6	3.24E-09
873.8	3.54E-09
874.0	3.86E-09
874.2	4.23E-09
874.4	4.63E-09
874.6	5.09E-09
874.8	5.59E-09
875.0	6.16E-09
875.2	6.80E-09
875.4	7.51E-09
875.6	8.32E-09
875.8	9.23E-09
876.0	1.03E-08
876.2	1.14E-08
876.4	1.28E-08
876.6	1.43E-08
876.8	1.61E-08
877.0	1.81E-08
877.2	2.04E-08
877.4	2.31E-08
877.6	2.63E-08
877.8	3.00E-08
878.0	3.44E-08
878.2	3.95E-08
878.4	4.56E-08
878.6	5.29E-08
878.8	6.17E-08
879.0	7.23E-08
879.2	8.53E-08
879.4	1.01E-07
879.6	1.21E-07
879.8	1.46E-07
880.0	1.78E-07
880.2	2.18E-07
880.4	2.71E-07
880.6	3.42E-07
880.8	4.38E-07
881.0	5.71E-07
881.2	7.61E-07
881.4	1.04E-06
881.6	1.48E-06
881.8	2.21E-06
882.0	3.53E-06
882.2	6.23E-06
882.4	1.30E-05
882.6	3.78E-05
882.8	1.87E-04
883.0	1.13E-04
883.2	4.29E-05
883.4	5.66E-05
883.6	2.08E-04
883.8	6.87E-05
884.0	2.51E-05
884.2	1.40E-05
884.4	9.63E-06
884.6	7.38E-06
884.8	6.08E-06
885.0	5.26E-06
885.2	4.73E-06
885.4	4.38E-06
885.6	4.15E-06
885.8	4.01E-06
886.0	3.95E-06
886.2	3.96E-06
886.4	4.03E-06
886.6	4.16E-06
886.8	4.35E-06
887.0	4.61E-06
887.2	4.95E-06
887.4	5.40E-06
887.6	5.98E-06
887.8	6.71E-06
888.0	7.67E-06
888.2	8.94E-06
888.4	1.06E-05
888.6	1.30E-05
888.8	1.63E-05
889.0	2.13E-05
889.2	2.91E-05
889.4	4.25E-05
889.6	6.76E-05
889.8	1.21E-04
890.0	2.36E-04
890.2	3.47E-04
890.4	2.67E-04
890.6	2.33E-04
890.8	3.04E-04
891.0	2.68E-04
891.2	1.46E-04
891.4	8.26E-05
891.6	5.27E-05
891.8	3.70E-05
892.0	2.78E-05
892.2	2.19E-05
892.4	1.79E-05
892.6	1.51E-05
892.8	1.31E-05
893.0	1.15E-05
893.2	1.03E-05
893.4	9.39E-06
893.6	8.65E-06
893.8	8.06E-06
894.0	7.59E-06
894.2	7.22E-06
894.4	6.92E-06
894.6	6.70E-06
894.8	6.53E-06
895.0	6.41E-06
895.2	6.34E-06
895.4	6.31E-06
895.6	6.32E-06
895.8	6.37E-06
896.0	6.46E-06
896.2	6.60E-06
896.4	6.78E-06
896.6	7.01E-06
896.8	7.29E-06
897.0	7.63E-06
897.2	8.04E-06
897.4	8.52E-06
897.6	9.10E-06
897.8	9.79E-06
898.0	1.06E-05
898.2	1.16E-05
898.4	1.28E-05
898.6	1.42E-05
898.8	1.60E-05
899.0	1.82E-05
899.2	2.10E-05
899.4	2.46E-05
899.6	2.93E-05
899.8	3.56E-05
900.0	4.42E-05
900.2	5.65E-05
900.4	7.47E-05
900.6	1.03E-04
900.8	1.46E-04
901.0	2.14E-04
901.2	2.99E-04
901.4	3.55E-04
901.6	3.53E-04
901.8	3.45E-04
902.0	3.37E-04
902.2	2.83E-04
902.4	2.05E-04
902.6	1.42E-04
902.8	1.01E-04
903.0	7.43E-05
903.2	5.70E-05
903.4	4.51E-05
903.6	3.66E-05
903.8	3.04E-05
904.0	2.57E-05
904.2	2.21E-05
904.4	1.93E-05
904.6	1.70E-05
904.8	1.52E-05
905.0	1.36E-05
905.2	1.23E-05
905.4	1.13E-05
905.6	1.04E-05
905.8	9.58E-06
906.0	8.90E-06
906.2	8.32E-06
906.4	7.81E-06
906.6	7.36E-06
906.8	6.97E-06
907.0	6.62E-06
907.2	6.31E-06
907.4	6.04E-06
907.6	5.80E-06
907.8	5.58E-06
908.0	5.39E-06
908.2	5.22E-06
908.4	5.07E-06
908.6	4.94E-06
908.8	4.82E-06
909.0	4.72E-06
909.2	4.63E-06
909.4	4.56E-06
909.6	4.49E-06
909.8	4.44E-06
910.0	4.40E-06
910.2	4.36E-06
910.4	4.34E-06
910.6	4.33E-06
910.8	4.33E-06
911.0	4.34E-06
911.2	4.35E-06
911.4	4.38E-06
911.6	4.42E-06
911.8	4.47E-06
912.0	4.53E-06
912.2	4.60E-06
912.4	4.68E-06
912.6	4.78E-06
912.8	4.89E-06
913.0	5.01E-06
913.2	5.16E-06
913.4	5.32E-06
913.6	5.50E-06
913.8	5.70E-06
914.0	5.92E-06
914.2	6.18E-06
914.4	6.46E-06
914.6	6.78E-06
914.8	7.14E-06
915.0	7.54E-06
915.2	8.00E-06
915.4	8.51E-06
915.6	9.09E-06
915.8	9.76E-06
916.0	1.05E-05
916.2	1.14E-05
916.4	1.24E-05
916.6	1.35E-05
916.8	1.49E-05
917.0	1.65E-05
917.2	1.84E-05
917.4	2.06E-05
917.6	2.33E-05
917.8	2.65E-05
918.0	3.05E-05
918.2	3.54E-05
918.4	4.15E-05
918.6	4.93E-05
918.8	5.91E-05
919.0	7.18E-05
919.2	8.80E-05
919.4	1.09E-04
919.6	1.34E-04
919.8	1.64E-04
920.0	1.94E-04
920.2	2.20E-04
920.4	2.36E-04
920.6	2.38E-04
920.8	2.27E-04
921.0	2.04E-04
921.2	1.76E-04
921.4	1.48E-04
921.6	1.23E-04
921.8	1.02E-04
922.0	8.55E-05
922.2	7.24E-05
922.4	6.21E-05
922.6	5.38E-05
922.8	4.72E-05
923.0	4.18E-05
923.2	3.74E-05
923.4	3.37E-05
923.6	3.06E-05
923.8	2.81E-05
924.0	2.59E-05
924.2	2.40E-05
924.4	2.24E-05
924.6	2.10E-05
924.8	1.98E-05
925.0	1.88E-05
925.2	1.79E-05
925.4	1.71E-05
925.6	1.64E-05
925.8	1.57E-05
926.0	1.52E-05
926.2	1.47E-05
926.4	1.43E-05
926.6	1.39E-05
926.8	1.36E-05
927.0	1.33E-05
927.2	1.31E-05
927.4	1.29E-05
927.6	1.27E-05
927.8	1.26E-05
928.0	1.25E-05
928.2	1.24E-05
928.4	1.24E-05
928.6	1.24E-05
928.8	1.24E-05
929.0	1.24E-05
929.2	1.24E-05
929.4	1.25E-05
929.6	1.26E-05
929.8	1.28E-05
930.0	1.29E-05
930.2	1.31E-05
930.4	1.33E-05
930.6	1.36E-05
930.8	1.38E-05
931.0	1.42E-05
931.2	1.45E-05
931.4	1.49E-05
931.6	1.53E-05
931.8	1.58E-05
932.0	1.64E-05
932.2	1.70E-05
932.4	1.77E-05
932.6	1.85E-05
932.8	1.93E-05
933.0	2.03E-05
933.2	2.14E-05
933.4	2.26E-05
933.6	2.39E-05
933.8	2.55E-05
934.0	2.72E-05
934.2	2.93E-05
934.4	3.16E-05
934.6	3.42E-05
934.8	3.73E-05
935.0	4.09E-05
935.2	4.52E-05
935.4	5.02E-05
935.6	5.62E-05
935.8	6.33E-05
936.0	7.19E-05
936.2	8.24E-05
936.4	9.51E-05
936.6	1.10E-04
936.8	1.29E-04
937.0	1.51E-04
937.2	1.76E-04
937.4	2.02E-04
937.6	2.27E-04
937.8	2.47E-04
938.0	2.58E-04
938.2	2.58E-04
938.4	2.47E-04
938.6	2.26E-04
938.8	2.00E-04
939.0	1.73E-04
939.2	1.46E-04
939.4	1.23E-04
939.6	1.04E-04
939.8	8.81E-05
940.0	7.51E-05
940.2	6.46E-05
940.4	5.59E-05
940.6	4.89E-05
940.8	4.30E-05
941.0	3.82E-05
941.2	3.41E-05
941.4	3.07E-05
941.6	2.78E-05
941.8	2.53E-05
942.0	2.31E-05
942.2	2.13E-05
942.4	1.97E-05
942.6	1.83E-05
942.8	1.71E-05
943.0	1.60E-05
943.2	1.50E-05
943.4	1.42E-05
943.6	1.34E-05
943.8	1.28E-05
944.0	1.22E-05
944.2	1.17E-05
944.4	1.12E-05
944.6	1.08E-05
944.8	1.04E-05
945.0	1.01E-05
945.2	9.78E-06
945.4	9.52E-06
945.6	9.29E-06
945.8	9.09E-06
946.0	8.91E-06
946.2	8.76E-06
946.4	8.63E-06
946.6	8.52E-06
946.8	8.44E-06
947.0	8.37E-06
947.2	8.32E-06
947.4	8.29E-06
947.6	8.28E-06
947.8	8.29E-06
948.0	8.31E-06
948.2	8.36E-06
948.4	8.42E-06
948.6	8.50E-06
948.8	8.60E-06
949.0	8.72E-06
949.2	8.86E-06
949.4	9.02E-06
949.6	9.20E-06
949.8	9.41E-06
950.0	9.64E-06
950.2	9.90E-06
950.4	1.02E-05
950.6	1.05E-05
950.8	1.09E-05
951.0	1.13E-05
951.2	1.17E-05
951.4	1.22E-05
951.6	1.27E-05
951.8	1.33E-05
952.0	1.39E-05
952.2	1.46E-05
952.4	1.54E-05
952.6	1.62E-05
952.8	1.72E-05
953.0	1.82E-05
953.2	1.93E-05
953.4	2.06E-05
953.6	2.20E-05
953.8	2.36E-05
954.0	2.53E-05
954.2	2.72E-05
954.4	2.94E-05
954.6	3.18E-05
954.8	3.44E-05
955.0	3.74E-05
955.2	4.07E-05
955.4	4.44E-05
955.6	4.84E-05
955.8	5.29E-05
956.0	5.78E-05
956.2	6.32E-05
956.4	6.91E-05
956.6	7.54E-05
956.8	8.22E-05
957.0	8.92E-05
957.2	9.65E-05
957.4	1.04E-04
957.6	1.11E-04
957.8	1.18E-04
958.0	1.25E-04
958.2	1.30E-04
958.4	1.35E-04
958.6	1.39E-04
958.8	1.41E-04
959.0	1.42E-04
959.2	1.43E-04
959.4	1.42E-04
959.6	1.40E-04
959.8	1.38E-04
960.0	1.35E-04
960.2	1.32E-04
960.4	1.29E-04
960.6	1.25E-04
960.8	1.22E-04
961.0	1.18E-04
961.2	1.15E-04
961.4	1.12E-04
961.6	1.09E-04
961.8	1.06E-04
962.0	1.04E-04
962.2	1.01E-04
962.4	9.93E-05
962.6	9.74E-05
962.8	9.56E-05
963.0	9.39E-05
963.2	9.24E-05
963.4	9.10E-05
963.6	8.98E-05
963.8	8.86E-05
964.0	8.75E-05
964.2	8.64E-05
964.4	8.54E-05
964.6	8.44E-05
964.8	8.34E-05
965.0	8.24E-05
965.2	8.14E-05
965.4	8.04E-05
965.6	7.94E-05
965.8	7.83E-05
966.0	7.72E-05
966.2	7.60E-05
966.4	7.48E-05
966.6	7.35E-05
966.8	7.21E-05
967.0	7.08E-05
967.2	6.94E-05
967.4	6.79E-05
967.6	6.64E-05
967.8	6.49E-05
968.0	6.34E-05
968.2	6.19E-05
968.4	6.05E-05
968.6	5.90E-05
968.8	5.75E-05
969.0	5.61E-05
969.2	5.47E-05
969.4	5.34E-05
969.6	5.21E-05
969.8	5.09E-05
970.0	4.97E-05
970.2	4.86E-05
970.4	4.76E-05
970.6	4.66E-05
970.8	4.56E-05
971.0	4.48E-05
971.2	4.40E-05
971.4	4.33E-05
971.6	4.26E-05
971.8	4.20E-05
972.0	4.15E-05
972.2	4.11E-05
972.4	4.07E-05
972.6	4.04E-05
972.8	4.01E-05
973.0	3.99E-05
973.2	3.98E-05
973.4	3.98E-05
973.6	3.98E-05
973.8	3.99E-05
974.0	4.01E-05
974.2	4.03E-05
974.4	4.07E-05
974.6	4.11E-05
974.8	4.16E-05
975.0	4.22E-05
975.2	4.28E-05
975.4	4.36E-05
975.6	4.45E-05
975.8	4.55E-05
976.0	4.67E-05
976.2	4.80E-05
976.4	4.94E-05
976.6	5.09E-05
976.8	5.27E-05
977.0	5.46E-05
977.2	5.67E-05
977.4	5.91E-05
977.6	6.16E-05
977.8	6.45E-05
978.0	6.76E-05
978.2	7.11E-05
978.4	7.49E-05
978.6	7.90E-05
978.8	8.36E-05
979.0	8.86E-05
979.2	9.41E-05
979.4	1.00E-04
979.6	1.07E-04
979.8	1.14E-04
980.0	1.21E-04
980.2	1.29E-04
980.4	1.38E-04
980.6	1.47E-04
980.8	1.56E-04
981.0	1.66E-04
981.2	1.75E-04
981.4	1.84E-04
981.6	1.92E-04
981.8	2.00E-04
982.0	2.06E-04
982.2	2.10E-04
982.4	2.12E-04
982.6	2.13E-04
982.8	2.11E-04
983.0	2.08E-04
983.2	2.03E-04
983.4	1.96E-04
983.6	1.88E-04
983.8	1.80E-04
984.0	1.71E-04
984.2	1.63E-04
984.4	1.54E-04
984.6	1.45E-04
984.8	1.37E-04
985.0	1.29E-04
985.2	1.22E-04
985.4	1.15E-04
985.6	1.08E-04
985.8	1.02E-04
986.0	9.70E-05
986.2	9.20E-05
986.4	8.74E-05
986.6	8.32E-05
986.8	7.93E-05
987.0	7.58E-05
987.2	7.26E-05
987.4	6.96E-05
987.6	6.69E-05
987.8	6.44E-05
988.0	6.21E-05
988.2	6.01E-05
988.4	5.81E-05
988.6	5.64E-05
988.8	5.48E-05
989.0	5.33E-05
989.2	5.19E-05
989.4	5.07E-05
989.6	4.96E-05
989.8	4.85E-05
990.0	4.76E-05
990.2	4.67E-05
990.4	4.59E-05
990.6	4.51E-05
990.8	4.45E-05
991.0	4.39E-05
991.2	4.33E-05
991.4	4.28E-05
991.6	4.23E-05
991.8	4.19E-05
992.0	4.16E-05
992.2	4.12E-05
992.4	4.09E-05
992.6	4.07E-05
992.8	4.04E-05
993.0	4.02E-05
993.2	4.01E-05
993.4	3.99E-05
993.6	3.98E-05
993.8	3.97E-05
994.0	3.96E-05
994.2	3.95E-05
994.4	3.95E-05
994.6	3.94E-05
994.8	3.94E-05
995.0	3.94E-05
995.2	3.94E-05
995.4	3.95E-05
995.6	3.95E-05
995.8	3.96E-05
996.0	3.96E-05
996.2	3.97E-05
996.4	3.98E-05
996.6	3.99E-05
996.8	4.00E-05
997.0	4.01E-05
997.2	4.03E-05
997.4	4.04E-05
997.6	4.06E-05
997.8	4.07E-05
998.0	4.09E-05
998.2	4.11E-05
998.4	4.13E-05
998.6	4.16E-05
998.8	4.18E-05
999.0	4.21E-05
999.2	4.23E-05
999.4	4.26E-05
999.6	4.30E-05
999.8	4.33E-05
1000.0	4.37E-05
	
	
	
